Time (sec), Heater 1 (%), Heater 2 (%), Temperature 1 (degC), Temperature 2 (degC)
0.000000000000000000e+00,0.000000000000000000e+00,0.000000000000000000e+00,2.933100000000000023e+02,2.937299999999999613e+02
1.000000000000000000e+00,0.000000000000000000e+00,0.000000000000000000e+00,2.931499999999999773e+02,2.937599999999999909e+02
2.000000000000000000e+00,0.000000000000000000e+00,0.000000000000000000e+00,2.932399999999999523e+02,2.937299999999999613e+02
3.000000000000000000e+00,0.000000000000000000e+00,0.000000000000000000e+00,2.932099999999999795e+02,2.937299999999999613e+02
4.000000000000000000e+00,0.000000000000000000e+00,0.000000000000000000e+00,2.931799999999999500e+02,2.937299999999999613e+02
5.000000000000000000e+00,0.000000000000000000e+00,0.000000000000000000e+00,2.932699999999999818e+02,2.937299999999999613e+02
6.000000000000000000e+00,0.000000000000000000e+00,1.000000000000000000e+02,2.932399999999999523e+02,2.937299999999999613e+02
7.000000000000000000e+00,0.000000000000000000e+00,1.000000000000000000e+02,2.932399999999999523e+02,2.940199999999999818e+02
8.000000000000000000e+00,0.000000000000000000e+00,1.000000000000000000e+02,2.933399999999999750e+02,2.941099999999999568e+02
9.000000000000000000e+00,0.000000000000000000e+00,1.000000000000000000e+02,2.932399999999999523e+02,2.941099999999999568e+02
1.000000000000000000e+01,0.000000000000000000e+00,1.000000000000000000e+02,2.932399999999999523e+02,2.940199999999999818e+02
1.100000000000000000e+01,0.000000000000000000e+00,1.000000000000000000e+02,2.932699999999999818e+02,2.941499999999999773e+02
1.200000000000000000e+01,0.000000000000000000e+00,1.000000000000000000e+02,2.932699999999999818e+02,2.941499999999999773e+02
1.300000000000000000e+01,0.000000000000000000e+00,1.000000000000000000e+02,2.933999999999999773e+02,2.943100000000000023e+02
1.400000000000000000e+01,0.000000000000000000e+00,1.000000000000000000e+02,2.933700000000000045e+02,2.943700000000000045e+02
1.500000000000000000e+01,0.000000000000000000e+00,1.000000000000000000e+02,2.933100000000000023e+02,2.941799999999999500e+02
1.600000000000000000e+01,0.000000000000000000e+00,1.000000000000000000e+02,2.933999999999999773e+02,2.943700000000000045e+02
1.700000000000000000e+01,0.000000000000000000e+00,1.000000000000000000e+02,2.933399999999999750e+02,2.944399999999999977e+02
1.800000000000000000e+01,0.000000000000000000e+00,1.000000000000000000e+02,2.933999999999999773e+02,2.946899999999999977e+02
1.900000000000000000e+01,0.000000000000000000e+00,1.000000000000000000e+02,2.933999999999999773e+02,2.946299999999999955e+02
2.000000000000000000e+01,0.000000000000000000e+00,1.000000000000000000e+02,2.933399999999999750e+02,2.948499999999999659e+02
2.100000000000000000e+01,0.000000000000000000e+00,1.000000000000000000e+02,2.933999999999999773e+02,2.947299999999999613e+02
2.200000000000000000e+01,0.000000000000000000e+00,1.000000000000000000e+02,2.933999999999999773e+02,2.949499999999999886e+02
2.300000000000000000e+01,0.000000000000000000e+00,1.000000000000000000e+02,2.933999999999999773e+02,2.948899999999999864e+02
2.400000000000000000e+01,0.000000000000000000e+00,1.000000000000000000e+02,2.933999999999999773e+02,2.951399999999999864e+02
2.500000000000000000e+01,0.000000000000000000e+00,1.000000000000000000e+02,2.933999999999999773e+02,2.952399999999999523e+02
2.600000000000000000e+01,0.000000000000000000e+00,1.000000000000000000e+02,2.933999999999999773e+02,2.954699999999999704e+02
2.700000000000000000e+01,0.000000000000000000e+00,1.000000000000000000e+02,2.933999999999999773e+02,2.954699999999999704e+02
2.800000000000000000e+01,0.000000000000000000e+00,1.000000000000000000e+02,2.933999999999999773e+02,2.958899999999999864e+02
2.900000000000000000e+01,0.000000000000000000e+00,1.000000000000000000e+02,2.933999999999999773e+02,2.960099999999999909e+02
3.000000000000000000e+01,0.000000000000000000e+00,1.000000000000000000e+02,2.933999999999999773e+02,2.959799999999999613e+02
3.100000000000000000e+01,0.000000000000000000e+00,1.000000000000000000e+02,2.933999999999999773e+02,2.961799999999999500e+02
3.200000000000000000e+01,0.000000000000000000e+00,1.000000000000000000e+02,2.933999999999999773e+02,2.965000000000000000e+02
3.300000000000000000e+01,0.000000000000000000e+00,1.000000000000000000e+02,2.933999999999999773e+02,2.966899999999999977e+02
3.400000000000000000e+01,0.000000000000000000e+00,1.000000000000000000e+02,2.933999999999999773e+02,2.967899999999999636e+02
3.500000000000000000e+01,0.000000000000000000e+00,1.000000000000000000e+02,2.933999999999999773e+02,2.969799999999999613e+02
3.600000000000000000e+01,0.000000000000000000e+00,1.000000000000000000e+02,2.933999999999999773e+02,2.971699999999999591e+02
3.700000000000000000e+01,0.000000000000000000e+00,1.000000000000000000e+02,2.933999999999999773e+02,2.972099999999999795e+02
3.800000000000000000e+01,0.000000000000000000e+00,1.000000000000000000e+02,2.933999999999999773e+02,2.974299999999999500e+02
3.900000000000000000e+01,0.000000000000000000e+00,1.000000000000000000e+02,2.933999999999999773e+02,2.977500000000000000e+02
4.000000000000000000e+01,0.000000000000000000e+00,1.000000000000000000e+02,2.934399999999999977e+02,2.977899999999999636e+02
4.100000000000000000e+01,0.000000000000000000e+00,1.000000000000000000e+02,2.935299999999999727e+02,2.978799999999999955e+02
4.200000000000000000e+01,0.000000000000000000e+00,1.000000000000000000e+02,2.935000000000000000e+02,2.982699999999999818e+02
4.300000000000000000e+01,0.000000000000000000e+00,1.000000000000000000e+02,2.936599999999999682e+02,2.983700000000000045e+02
4.400000000000000000e+01,0.000000000000000000e+00,1.000000000000000000e+02,2.936599999999999682e+02,2.987199999999999704e+02
4.500000000000000000e+01,0.000000000000000000e+00,1.000000000000000000e+02,2.937299999999999613e+02,2.987199999999999704e+02
4.600000000000000000e+01,0.000000000000000000e+00,1.000000000000000000e+02,2.936899999999999977e+02,2.990399999999999636e+02
4.700000000000000000e+01,0.000000000000000000e+00,1.000000000000000000e+02,2.937299999999999613e+02,2.991399999999999864e+02
4.800000000000000000e+01,0.000000000000000000e+00,1.000000000000000000e+02,2.937299999999999613e+02,2.992699999999999818e+02
4.900000000000000000e+01,0.000000000000000000e+00,1.000000000000000000e+02,2.937299999999999613e+02,2.995899999999999750e+02
5.000000000000000000e+01,0.000000000000000000e+00,1.000000000000000000e+02,2.937299999999999613e+02,2.998499999999999659e+02
5.100000000000000000e+01,0.000000000000000000e+00,1.000000000000000000e+02,2.937299999999999613e+02,3.000099999999999909e+02
5.200000000000000000e+01,0.000000000000000000e+00,1.000000000000000000e+02,2.937299999999999613e+02,3.002699999999999818e+02
5.300000000000000000e+01,0.000000000000000000e+00,1.000000000000000000e+02,2.937299999999999613e+02,3.003999999999999773e+02
5.400000000000000000e+01,0.000000000000000000e+00,1.000000000000000000e+02,2.937299999999999613e+02,3.006200000000000045e+02
5.500000000000000000e+01,0.000000000000000000e+00,1.000000000000000000e+02,2.938199999999999932e+02,3.008199999999999932e+02
5.600000000000000000e+01,0.000000000000000000e+00,1.000000000000000000e+02,2.939499999999999886e+02,3.006899999999999977e+02
5.700000000000000000e+01,0.000000000000000000e+00,1.000000000000000000e+02,2.940199999999999818e+02,3.009799999999999613e+02
5.800000000000000000e+01,0.000000000000000000e+00,1.000000000000000000e+02,2.940499999999999545e+02,3.012999999999999545e+02
5.900000000000000000e+01,0.000000000000000000e+00,1.000000000000000000e+02,2.940499999999999545e+02,3.015899999999999750e+02
6.000000000000000000e+01,0.000000000000000000e+00,1.000000000000000000e+02,2.940499999999999545e+02,3.016200000000000045e+02
6.100000000000000000e+01,0.000000000000000000e+00,1.000000000000000000e+02,2.940499999999999545e+02,3.016499999999999773e+02
6.200000000000000000e+01,0.000000000000000000e+00,1.000000000000000000e+02,2.940499999999999545e+02,3.020699999999999932e+02
6.300000000000000000e+01,0.000000000000000000e+00,1.000000000000000000e+02,2.940499999999999545e+02,3.022699999999999818e+02
6.400000000000000000e+01,0.000000000000000000e+00,1.000000000000000000e+02,2.940499999999999545e+02,3.025899999999999750e+02
6.500000000000000000e+01,0.000000000000000000e+00,1.000000000000000000e+02,2.940799999999999841e+02,3.027500000000000000e+02
6.600000000000000000e+01,0.000000000000000000e+00,1.000000000000000000e+02,2.941099999999999568e+02,3.029099999999999682e+02
6.700000000000000000e+01,0.000000000000000000e+00,1.000000000000000000e+02,2.942399999999999523e+02,3.030399999999999636e+02
6.800000000000000000e+01,0.000000000000000000e+00,1.000000000000000000e+02,2.942399999999999523e+02,3.032999999999999545e+02
6.900000000000000000e+01,0.000000000000000000e+00,1.000000000000000000e+02,2.943700000000000045e+02,3.034599999999999795e+02
7.000000000000000000e+01,0.000000000000000000e+00,1.000000000000000000e+02,2.943399999999999750e+02,3.036200000000000045e+02
7.100000000000000000e+01,0.000000000000000000e+00,1.000000000000000000e+02,2.943700000000000045e+02,3.035899999999999750e+02
7.200000000000000000e+01,0.000000000000000000e+00,1.000000000000000000e+02,2.943700000000000045e+02,3.039699999999999704e+02
7.300000000000000000e+01,0.000000000000000000e+00,1.000000000000000000e+02,2.943700000000000045e+02,3.040999999999999659e+02
7.400000000000000000e+01,0.000000000000000000e+00,1.000000000000000000e+02,2.943999999999999773e+02,3.044299999999999500e+02
7.500000000000000000e+01,0.000000000000000000e+00,1.000000000000000000e+02,2.943700000000000045e+02,3.045899999999999750e+02
7.600000000000000000e+01,0.000000000000000000e+00,1.000000000000000000e+02,2.944699999999999704e+02,3.046200000000000045e+02
7.700000000000000000e+01,0.000000000000000000e+00,1.000000000000000000e+02,2.946599999999999682e+02,3.047799999999999727e+02
7.800000000000000000e+01,0.000000000000000000e+00,1.000000000000000000e+02,2.946599999999999682e+02,3.051699999999999591e+02
7.900000000000000000e+01,0.000000000000000000e+00,1.000000000000000000e+02,2.946899999999999977e+02,3.053599999999999568e+02
8.000000000000000000e+01,0.000000000000000000e+00,1.000000000000000000e+02,2.946899999999999977e+02,3.052999999999999545e+02
8.100000000000000000e+01,0.000000000000000000e+00,1.000000000000000000e+02,2.946899999999999977e+02,3.056499999999999773e+02
8.200000000000000000e+01,0.000000000000000000e+00,1.000000000000000000e+02,2.946899999999999977e+02,3.056499999999999773e+02
8.300000000000000000e+01,0.000000000000000000e+00,1.000000000000000000e+02,2.946899999999999977e+02,3.059399999999999977e+02
8.400000000000000000e+01,0.000000000000000000e+00,1.000000000000000000e+02,2.947299999999999613e+02,3.060999999999999659e+02
8.500000000000000000e+01,0.000000000000000000e+00,1.000000000000000000e+02,2.947899999999999636e+02,3.061699999999999591e+02
8.600000000000000000e+01,0.000000000000000000e+00,1.000000000000000000e+02,2.950199999999999818e+02,3.063899999999999864e+02
8.700000000000000000e+01,0.000000000000000000e+00,1.000000000000000000e+02,2.949799999999999613e+02,3.066799999999999500e+02
8.800000000000000000e+01,0.000000000000000000e+00,1.000000000000000000e+02,2.950199999999999818e+02,3.070000000000000000e+02
8.900000000000000000e+01,0.000000000000000000e+00,1.000000000000000000e+02,2.950199999999999818e+02,3.070000000000000000e+02
9.000000000000000000e+01,0.000000000000000000e+00,1.000000000000000000e+02,2.950199999999999818e+02,3.073299999999999841e+02
9.100000000000000000e+01,0.000000000000000000e+00,1.000000000000000000e+02,2.950199999999999818e+02,3.074199999999999591e+02
9.200000000000000000e+01,0.000000000000000000e+00,1.000000000000000000e+02,2.951399999999999864e+02,3.076499999999999773e+02
9.300000000000000000e+01,0.000000000000000000e+00,1.000000000000000000e+02,2.950199999999999818e+02,3.076200000000000045e+02
9.400000000000000000e+01,0.000000000000000000e+00,1.000000000000000000e+02,2.952399999999999523e+02,3.080699999999999932e+02
9.500000000000000000e+01,0.000000000000000000e+00,1.000000000000000000e+02,2.953399999999999750e+02,3.079699999999999704e+02
9.600000000000000000e+01,0.000000000000000000e+00,1.000000000000000000e+02,2.953399999999999750e+02,3.082899999999999636e+02
9.700000000000000000e+01,0.000000000000000000e+00,1.000000000000000000e+02,2.953399999999999750e+02,3.083899999999999864e+02
9.800000000000000000e+01,0.000000000000000000e+00,1.000000000000000000e+02,2.953399999999999750e+02,3.085199999999999818e+02
9.900000000000000000e+01,0.000000000000000000e+00,1.000000000000000000e+02,2.953399999999999750e+02,3.087099999999999795e+02
1.000000000000000000e+02,0.000000000000000000e+00,1.000000000000000000e+02,2.953399999999999750e+02,3.089699999999999704e+02
1.010000000000000000e+02,0.000000000000000000e+00,1.000000000000000000e+02,2.953700000000000045e+02,3.090000000000000000e+02
1.020000000000000000e+02,0.000000000000000000e+00,1.000000000000000000e+02,2.955000000000000000e+02,3.091299999999999955e+02
1.030000000000000000e+02,0.000000000000000000e+00,1.000000000000000000e+02,2.955999999999999659e+02,3.092899999999999636e+02
1.040000000000000000e+02,0.000000000000000000e+00,1.000000000000000000e+02,2.956599999999999682e+02,3.096799999999999500e+02
1.050000000000000000e+02,0.000000000000000000e+00,1.000000000000000000e+02,2.956599999999999682e+02,3.097099999999999795e+02
1.060000000000000000e+02,0.000000000000000000e+00,1.000000000000000000e+02,2.956599999999999682e+02,3.097099999999999795e+02
1.070000000000000000e+02,0.000000000000000000e+00,1.000000000000000000e+02,2.956599999999999682e+02,3.099399999999999977e+02
1.080000000000000000e+02,0.000000000000000000e+00,1.000000000000000000e+02,2.957199999999999704e+02,3.103199999999999932e+02
1.090000000000000000e+02,0.000000000000000000e+00,1.000000000000000000e+02,2.956899999999999977e+02,3.102899999999999636e+02
1.100000000000000000e+02,0.000000000000000000e+00,1.000000000000000000e+02,2.958199999999999932e+02,3.103599999999999568e+02
1.110000000000000000e+02,0.000000000000000000e+00,1.000000000000000000e+02,2.959499999999999886e+02,3.103599999999999568e+02
1.120000000000000000e+02,0.000000000000000000e+00,1.000000000000000000e+02,2.959799999999999613e+02,3.109699999999999704e+02
1.130000000000000000e+02,0.000000000000000000e+00,1.000000000000000000e+02,2.959799999999999613e+02,3.108999999999999773e+02
1.140000000000000000e+02,0.000000000000000000e+00,1.000000000000000000e+02,2.959799999999999613e+02,3.110999999999999659e+02
1.150000000000000000e+02,0.000000000000000000e+00,1.000000000000000000e+02,2.959799999999999613e+02,3.110999999999999659e+02
1.160000000000000000e+02,0.000000000000000000e+00,1.000000000000000000e+02,2.961399999999999864e+02,3.114799999999999613e+02
1.170000000000000000e+02,0.000000000000000000e+00,1.000000000000000000e+02,2.962699999999999818e+02,3.115199999999999818e+02
1.180000000000000000e+02,0.000000000000000000e+00,1.000000000000000000e+02,2.962999999999999545e+02,3.118700000000000045e+02
1.190000000000000000e+02,0.000000000000000000e+00,1.000000000000000000e+02,2.962999999999999545e+02,3.119299999999999500e+02
1.200000000000000000e+02,0.000000000000000000e+00,1.000000000000000000e+02,2.962999999999999545e+02,3.119699999999999704e+02
1.210000000000000000e+02,0.000000000000000000e+00,1.000000000000000000e+02,2.962999999999999545e+02,3.122599999999999909e+02
1.220000000000000000e+02,0.000000000000000000e+00,1.000000000000000000e+02,2.962999999999999545e+02,3.123499999999999659e+02
1.230000000000000000e+02,0.000000000000000000e+00,1.000000000000000000e+02,2.963999999999999773e+02,3.124799999999999613e+02
1.240000000000000000e+02,0.000000000000000000e+00,1.000000000000000000e+02,2.964299999999999500e+02,3.124499999999999886e+02
1.250000000000000000e+02,0.000000000000000000e+00,1.000000000000000000e+02,2.966299999999999955e+02,3.128700000000000045e+02
1.260000000000000000e+02,0.000000000000000000e+00,1.000000000000000000e+02,2.966299999999999955e+02,3.128999999999999773e+02
1.270000000000000000e+02,0.000000000000000000e+00,1.000000000000000000e+02,2.966299999999999955e+02,3.128999999999999773e+02
1.280000000000000000e+02,0.000000000000000000e+00,1.000000000000000000e+02,2.966299999999999955e+02,3.130299999999999727e+02
1.290000000000000000e+02,0.000000000000000000e+00,1.000000000000000000e+02,2.966299999999999955e+02,3.131299999999999955e+02
1.300000000000000000e+02,0.000000000000000000e+00,1.000000000000000000e+02,2.967199999999999704e+02,3.133499999999999659e+02
1.310000000000000000e+02,0.000000000000000000e+00,1.000000000000000000e+02,2.966899999999999977e+02,3.135499999999999545e+02
1.320000000000000000e+02,0.000000000000000000e+00,1.000000000000000000e+02,2.969499999999999886e+02,3.135799999999999841e+02
1.330000000000000000e+02,0.000000000000000000e+00,1.000000000000000000e+02,2.969199999999999591e+02,3.138700000000000045e+02
1.340000000000000000e+02,0.000000000000000000e+00,1.000000000000000000e+02,2.969499999999999886e+02,3.140899999999999750e+02
1.350000000000000000e+02,0.000000000000000000e+00,1.000000000000000000e+02,2.969499999999999886e+02,3.138999999999999773e+02
1.360000000000000000e+02,0.000000000000000000e+00,1.000000000000000000e+02,2.969499999999999886e+02,3.142199999999999704e+02
1.370000000000000000e+02,0.000000000000000000e+00,1.000000000000000000e+02,2.970099999999999909e+02,3.145099999999999909e+02
1.380000000000000000e+02,0.000000000000000000e+00,1.000000000000000000e+02,2.971399999999999864e+02,3.144499999999999886e+02
1.390000000000000000e+02,0.000000000000000000e+00,1.000000000000000000e+02,2.972099999999999795e+02,3.147099999999999795e+02
1.400000000000000000e+02,0.000000000000000000e+00,1.000000000000000000e+02,2.972699999999999818e+02,3.145399999999999636e+02
1.410000000000000000e+02,0.000000000000000000e+00,1.000000000000000000e+02,2.972699999999999818e+02,3.146699999999999591e+02
1.420000000000000000e+02,0.000000000000000000e+00,1.000000000000000000e+02,2.972699999999999818e+02,3.150599999999999454e+02
1.430000000000000000e+02,0.000000000000000000e+00,1.000000000000000000e+02,2.972699999999999818e+02,3.151599999999999682e+02
1.440000000000000000e+02,0.000000000000000000e+00,1.000000000000000000e+02,2.973399999999999750e+02,3.153499999999999659e+02
1.450000000000000000e+02,0.000000000000000000e+00,1.000000000000000000e+02,2.974599999999999795e+02,3.153799999999999955e+02
1.460000000000000000e+02,0.000000000000000000e+00,1.000000000000000000e+02,2.975899999999999750e+02,3.153199999999999932e+02
1.470000000000000000e+02,0.000000000000000000e+00,1.000000000000000000e+02,2.975899999999999750e+02,3.155799999999999841e+02
1.480000000000000000e+02,0.000000000000000000e+00,1.000000000000000000e+02,2.975899999999999750e+02,3.157999999999999545e+02
1.490000000000000000e+02,0.000000000000000000e+00,1.000000000000000000e+02,2.975899999999999750e+02,3.159900000000000091e+02
1.500000000000000000e+02,0.000000000000000000e+00,1.000000000000000000e+02,2.975899999999999750e+02,3.161200000000000045e+02
1.510000000000000000e+02,0.000000000000000000e+00,1.000000000000000000e+02,2.976899999999999977e+02,3.159599999999999795e+02
1.520000000000000000e+02,0.000000000000000000e+00,1.000000000000000000e+02,2.977899999999999636e+02,3.162199999999999704e+02
1.530000000000000000e+02,0.000000000000000000e+00,1.000000000000000000e+02,2.979199999999999591e+02,3.164499999999999886e+02
1.540000000000000000e+02,0.000000000000000000e+00,1.000000000000000000e+02,2.979199999999999591e+02,3.164499999999999886e+02
1.550000000000000000e+02,0.000000000000000000e+00,1.000000000000000000e+02,2.979199999999999591e+02,3.165399999999999636e+02
1.560000000000000000e+02,0.000000000000000000e+00,1.000000000000000000e+02,2.979199999999999591e+02,3.165699999999999932e+02
1.570000000000000000e+02,0.000000000000000000e+00,1.000000000000000000e+02,2.979199999999999591e+02,3.167999999999999545e+02
1.580000000000000000e+02,0.000000000000000000e+00,1.000000000000000000e+02,2.979199999999999591e+02,3.169900000000000091e+02
1.590000000000000000e+02,0.000000000000000000e+00,1.000000000000000000e+02,2.980399999999999636e+02,3.169900000000000091e+02
1.600000000000000000e+02,0.000000000000000000e+00,1.000000000000000000e+02,2.981099999999999568e+02,3.171200000000000045e+02
1.610000000000000000e+02,0.000000000000000000e+00,1.000000000000000000e+02,2.982399999999999523e+02,3.171200000000000045e+02
1.620000000000000000e+02,0.000000000000000000e+00,1.000000000000000000e+02,2.982399999999999523e+02,3.172199999999999704e+02
1.630000000000000000e+02,0.000000000000000000e+00,1.000000000000000000e+02,2.982399999999999523e+02,3.176399999999999864e+02
1.640000000000000000e+02,0.000000000000000000e+00,1.000000000000000000e+02,2.982399999999999523e+02,3.177299999999999613e+02
1.650000000000000000e+02,0.000000000000000000e+00,1.000000000000000000e+02,2.982399999999999523e+02,3.177699999999999818e+02
1.660000000000000000e+02,0.000000000000000000e+00,1.000000000000000000e+02,2.983999999999999773e+02,3.180599999999999454e+02
1.670000000000000000e+02,0.000000000000000000e+00,1.000000000000000000e+02,2.985299999999999727e+02,3.178599999999999568e+02
1.680000000000000000e+02,0.000000000000000000e+00,1.000000000000000000e+02,2.985600000000000023e+02,3.179299999999999500e+02
1.690000000000000000e+02,0.000000000000000000e+00,1.000000000000000000e+02,2.985600000000000023e+02,3.182500000000000000e+02
1.700000000000000000e+02,0.000000000000000000e+00,1.000000000000000000e+02,2.985600000000000023e+02,3.180899999999999750e+02
1.710000000000000000e+02,0.000000000000000000e+00,1.000000000000000000e+02,2.985600000000000023e+02,3.182199999999999704e+02
1.720000000000000000e+02,0.000000000000000000e+00,1.000000000000000000e+02,2.985899999999999750e+02,3.186399999999999864e+02
1.730000000000000000e+02,0.000000000000000000e+00,1.000000000000000000e+02,2.986599999999999682e+02,3.186999999999999886e+02
1.740000000000000000e+02,0.000000000000000000e+00,1.000000000000000000e+02,2.988499999999999659e+02,3.185399999999999636e+02
1.750000000000000000e+02,0.000000000000000000e+00,1.000000000000000000e+02,2.988499999999999659e+02,3.189900000000000091e+02
1.760000000000000000e+02,0.000000000000000000e+00,1.000000000000000000e+02,2.988799999999999955e+02,3.190199999999999818e+02
1.770000000000000000e+02,0.000000000000000000e+00,1.000000000000000000e+02,2.988799999999999955e+02,3.190199999999999818e+02
1.780000000000000000e+02,0.000000000000000000e+00,1.000000000000000000e+02,2.988799999999999955e+02,3.193099999999999454e+02
1.790000000000000000e+02,0.000000000000000000e+00,1.000000000000000000e+02,2.989799999999999613e+02,3.190599999999999454e+02
1.800000000000000000e+02,0.000000000000000000e+00,1.000000000000000000e+02,2.991099999999999568e+02,3.192500000000000000e+02
1.810000000000000000e+02,0.000000000000000000e+00,1.000000000000000000e+02,2.991999999999999886e+02,3.195099999999999909e+02
1.820000000000000000e+02,0.000000000000000000e+00,1.000000000000000000e+02,2.991999999999999886e+02,3.196699999999999591e+02
1.830000000000000000e+02,0.000000000000000000e+00,1.000000000000000000e+02,2.991999999999999886e+02,3.194799999999999613e+02
1.840000000000000000e+02,0.000000000000000000e+00,1.000000000000000000e+02,2.991999999999999886e+02,3.195699999999999932e+02
1.850000000000000000e+02,0.000000000000000000e+00,1.000000000000000000e+02,2.991999999999999886e+02,3.199900000000000091e+02
1.860000000000000000e+02,0.000000000000000000e+00,1.000000000000000000e+02,2.992399999999999523e+02,3.198899999999999864e+02
1.870000000000000000e+02,0.000000000000000000e+00,1.000000000000000000e+02,2.992999999999999545e+02,3.200899999999999750e+02
1.880000000000000000e+02,0.000000000000000000e+00,1.000000000000000000e+02,2.994299999999999500e+02,3.203099999999999454e+02
1.890000000000000000e+02,0.000000000000000000e+00,1.000000000000000000e+02,2.995299999999999727e+02,3.201200000000000045e+02
1.900000000000000000e+02,0.000000000000000000e+00,1.000000000000000000e+02,2.995299999999999727e+02,3.203099999999999454e+02
1.910000000000000000e+02,0.000000000000000000e+00,1.000000000000000000e+02,2.995299999999999727e+02,3.202799999999999727e+02
1.920000000000000000e+02,0.000000000000000000e+00,1.000000000000000000e+02,2.995299999999999727e+02,3.205399999999999636e+02
1.930000000000000000e+02,0.000000000000000000e+00,1.000000000000000000e+02,2.995299999999999727e+02,3.204399999999999977e+02
1.940000000000000000e+02,0.000000000000000000e+00,1.000000000000000000e+02,2.995600000000000023e+02,3.205699999999999932e+02
1.950000000000000000e+02,0.000000000000000000e+00,1.000000000000000000e+02,2.997500000000000000e+02,3.207599999999999909e+02
1.960000000000000000e+02,0.000000000000000000e+00,1.000000000000000000e+02,2.998499999999999659e+02,3.209599999999999795e+02
1.970000000000000000e+02,0.000000000000000000e+00,1.000000000000000000e+02,2.998199999999999932e+02,3.209599999999999795e+02
1.980000000000000000e+02,0.000000000000000000e+00,1.000000000000000000e+02,2.998499999999999659e+02,3.210499999999999545e+02
1.990000000000000000e+02,0.000000000000000000e+00,1.000000000000000000e+02,2.998499999999999659e+02,3.211799999999999500e+02
2.000000000000000000e+02,0.000000000000000000e+00,1.000000000000000000e+02,2.998499999999999659e+02,3.210899999999999750e+02
2.010000000000000000e+02,0.000000000000000000e+00,1.000000000000000000e+02,2.998799999999999955e+02,3.212799999999999727e+02
2.020000000000000000e+02,0.000000000000000000e+00,1.000000000000000000e+02,2.998799999999999955e+02,3.215999999999999659e+02
2.030000000000000000e+02,0.000000000000000000e+00,1.000000000000000000e+02,3.000699999999999932e+02,3.215099999999999909e+02
2.040000000000000000e+02,0.000000000000000000e+00,1.000000000000000000e+02,3.001399999999999864e+02,3.215099999999999909e+02
2.050000000000000000e+02,0.000000000000000000e+00,1.000000000000000000e+02,3.001699999999999591e+02,3.216999999999999886e+02
2.060000000000000000e+02,0.000000000000000000e+00,1.000000000000000000e+02,3.001699999999999591e+02,3.217299999999999613e+02
2.070000000000000000e+02,0.000000000000000000e+00,1.000000000000000000e+02,3.001699999999999591e+02,3.218299999999999841e+02
2.080000000000000000e+02,0.000000000000000000e+00,1.000000000000000000e+02,3.001699999999999591e+02,3.219199999999999591e+02
2.090000000000000000e+02,0.000000000000000000e+00,1.000000000000000000e+02,3.001699999999999591e+02,3.221499999999999773e+02
2.100000000000000000e+02,0.000000000000000000e+00,1.000000000000000000e+02,3.002999999999999545e+02,3.220499999999999545e+02
2.110000000000000000e+02,0.000000000000000000e+00,1.000000000000000000e+02,3.004899999999999523e+02,3.220499999999999545e+02
2.120000000000000000e+02,0.000000000000000000e+00,1.000000000000000000e+02,3.004899999999999523e+02,3.221799999999999500e+02
2.130000000000000000e+02,0.000000000000000000e+00,1.000000000000000000e+02,3.004899999999999523e+02,3.225699999999999932e+02
2.140000000000000000e+02,0.000000000000000000e+00,1.000000000000000000e+02,3.004899999999999523e+02,3.225699999999999932e+02
2.150000000000000000e+02,0.000000000000000000e+00,1.000000000000000000e+02,3.004899999999999523e+02,3.225699999999999932e+02
2.160000000000000000e+02,0.000000000000000000e+00,1.000000000000000000e+02,3.004899999999999523e+02,3.224399999999999977e+02
2.170000000000000000e+02,0.000000000000000000e+00,1.000000000000000000e+02,3.004899999999999523e+02,3.225699999999999932e+02
2.180000000000000000e+02,0.000000000000000000e+00,1.000000000000000000e+02,3.006200000000000045e+02,3.228899999999999864e+02
2.190000000000000000e+02,0.000000000000000000e+00,1.000000000000000000e+02,3.007500000000000000e+02,3.228899999999999864e+02
2.200000000000000000e+02,0.000000000000000000e+00,1.000000000000000000e+02,3.008199999999999932e+02,3.228299999999999841e+02
2.210000000000000000e+02,0.000000000000000000e+00,1.000000000000000000e+02,3.008199999999999932e+02,3.231499999999999773e+02
2.220000000000000000e+02,0.000000000000000000e+00,1.000000000000000000e+02,3.008199999999999932e+02,3.231200000000000045e+02
2.230000000000000000e+02,0.000000000000000000e+00,1.000000000000000000e+02,3.008199999999999932e+02,3.231200000000000045e+02
2.240000000000000000e+02,0.000000000000000000e+00,1.000000000000000000e+02,3.008199999999999932e+02,3.232500000000000000e+02
2.250000000000000000e+02,0.000000000000000000e+00,1.000000000000000000e+02,3.008199999999999932e+02,3.234099999999999682e+02
2.260000000000000000e+02,0.000000000000000000e+00,1.000000000000000000e+02,3.009099999999999682e+02,3.235399999999999636e+02
2.270000000000000000e+02,0.000000000000000000e+00,1.000000000000000000e+02,3.011099999999999568e+02,3.234399999999999977e+02
2.280000000000000000e+02,0.000000000000000000e+00,1.000000000000000000e+02,3.011399999999999864e+02,3.233700000000000045e+02
2.290000000000000000e+02,0.000000000000000000e+00,1.000000000000000000e+02,3.011399999999999864e+02,3.237899999999999636e+02
2.300000000000000000e+02,0.000000000000000000e+00,1.000000000000000000e+02,3.011399999999999864e+02,3.236599999999999682e+02
2.310000000000000000e+02,0.000000000000000000e+00,1.000000000000000000e+02,3.011399999999999864e+02,3.238599999999999568e+02
2.320000000000000000e+02,0.000000000000000000e+00,1.000000000000000000e+02,3.011399999999999864e+02,3.236599999999999682e+02
2.330000000000000000e+02,0.000000000000000000e+00,1.000000000000000000e+02,3.011699999999999591e+02,3.238899999999999864e+02
2.340000000000000000e+02,0.000000000000000000e+00,1.000000000000000000e+02,3.013299999999999841e+02,3.241799999999999500e+02
2.350000000000000000e+02,0.000000000000000000e+00,1.000000000000000000e+02,3.014599999999999795e+02,3.241799999999999500e+02
2.360000000000000000e+02,0.000000000000000000e+00,1.000000000000000000e+02,3.014599999999999795e+02,3.241799999999999500e+02
2.370000000000000000e+02,0.000000000000000000e+00,1.000000000000000000e+02,3.014599999999999795e+02,3.239900000000000091e+02
2.380000000000000000e+02,0.000000000000000000e+00,1.000000000000000000e+02,3.014599999999999795e+02,3.241200000000000045e+02
2.390000000000000000e+02,0.000000000000000000e+00,1.000000000000000000e+02,3.014599999999999795e+02,3.244699999999999704e+02
2.400000000000000000e+02,0.000000000000000000e+00,1.000000000000000000e+02,3.014599999999999795e+02,3.245000000000000000e+02
2.410000000000000000e+02,0.000000000000000000e+00,1.000000000000000000e+02,3.014599999999999795e+02,3.245000000000000000e+02
2.420000000000000000e+02,0.000000000000000000e+00,1.000000000000000000e+02,3.014899999999999523e+02,3.244399999999999977e+02
2.430000000000000000e+02,0.000000000000000000e+00,1.000000000000000000e+02,3.017199999999999704e+02,3.243700000000000045e+02
2.440000000000000000e+02,0.000000000000000000e+00,1.000000000000000000e+02,3.017799999999999727e+02,3.245999999999999659e+02
2.450000000000000000e+02,0.000000000000000000e+00,1.000000000000000000e+02,3.017799999999999727e+02,3.248199999999999932e+02
2.460000000000000000e+02,0.000000000000000000e+00,1.000000000000000000e+02,3.017799999999999727e+02,3.248199999999999932e+02
2.470000000000000000e+02,0.000000000000000000e+00,1.000000000000000000e+02,3.017799999999999727e+02,3.249499999999999886e+02
2.480000000000000000e+02,0.000000000000000000e+00,1.000000000000000000e+02,3.017799999999999727e+02,3.248899999999999864e+02
2.490000000000000000e+02,0.000000000000000000e+00,1.000000000000000000e+02,3.017799999999999727e+02,3.251499999999999773e+02
2.500000000000000000e+02,0.000000000000000000e+00,1.000000000000000000e+02,3.018199999999999932e+02,3.250499999999999545e+02
2.510000000000000000e+02,0.000000000000000000e+00,1.000000000000000000e+02,3.020699999999999932e+02,3.251499999999999773e+02
2.520000000000000000e+02,0.000000000000000000e+00,1.000000000000000000e+02,3.021099999999999568e+02,3.253700000000000045e+02
2.530000000000000000e+02,0.000000000000000000e+00,1.000000000000000000e+02,3.021099999999999568e+02,3.252799999999999727e+02
2.540000000000000000e+02,0.000000000000000000e+00,1.000000000000000000e+02,3.021099999999999568e+02,3.254699999999999704e+02
2.550000000000000000e+02,0.000000000000000000e+00,1.000000000000000000e+02,3.021099999999999568e+02,3.254699999999999704e+02
2.560000000000000000e+02,0.000000000000000000e+00,1.000000000000000000e+02,3.021099999999999568e+02,3.254699999999999704e+02
2.570000000000000000e+02,0.000000000000000000e+00,1.000000000000000000e+02,3.021099999999999568e+02,3.253999999999999773e+02
2.580000000000000000e+02,0.000000000000000000e+00,1.000000000000000000e+02,3.021099999999999568e+02,3.255299999999999727e+02
2.590000000000000000e+02,0.000000000000000000e+00,1.000000000000000000e+02,3.021399999999999864e+02,3.256899999999999977e+02
2.600000000000000000e+02,0.000000000000000000e+00,1.000000000000000000e+02,3.022699999999999818e+02,3.257899999999999636e+02
2.610000000000000000e+02,0.000000000000000000e+00,1.000000000000000000e+02,3.023599999999999568e+02,3.256899999999999977e+02
2.620000000000000000e+02,0.000000000000000000e+00,1.000000000000000000e+02,3.024299999999999500e+02,3.258199999999999932e+02
2.630000000000000000e+02,0.000000000000000000e+00,1.000000000000000000e+02,3.024299999999999500e+02,3.257599999999999909e+02
2.640000000000000000e+02,0.000000000000000000e+00,1.000000000000000000e+02,3.024299999999999500e+02,3.258199999999999932e+02
2.650000000000000000e+02,0.000000000000000000e+00,1.000000000000000000e+02,3.024299999999999500e+02,3.260199999999999818e+02
2.660000000000000000e+02,0.000000000000000000e+00,1.000000000000000000e+02,3.024299999999999500e+02,3.261099999999999568e+02
2.670000000000000000e+02,0.000000000000000000e+00,1.000000000000000000e+02,3.024299999999999500e+02,3.261099999999999568e+02
2.680000000000000000e+02,0.000000000000000000e+00,1.000000000000000000e+02,3.024599999999999795e+02,3.260799999999999841e+02
2.690000000000000000e+02,0.000000000000000000e+00,1.000000000000000000e+02,3.025199999999999818e+02,3.260799999999999841e+02
2.700000000000000000e+02,0.000000000000000000e+00,1.000000000000000000e+02,3.027199999999999704e+02,3.262400000000000091e+02
2.710000000000000000e+02,0.000000000000000000e+00,1.000000000000000000e+02,3.027500000000000000e+02,3.263399999999999750e+02
2.720000000000000000e+02,0.000000000000000000e+00,1.000000000000000000e+02,3.027500000000000000e+02,3.264399999999999977e+02
2.730000000000000000e+02,0.000000000000000000e+00,1.000000000000000000e+02,3.027500000000000000e+02,3.265299999999999727e+02
2.740000000000000000e+02,0.000000000000000000e+00,1.000000000000000000e+02,3.027500000000000000e+02,3.265299999999999727e+02
2.750000000000000000e+02,0.000000000000000000e+00,1.000000000000000000e+02,3.027500000000000000e+02,3.265699999999999932e+02
2.760000000000000000e+02,0.000000000000000000e+00,1.000000000000000000e+02,3.027500000000000000e+02,3.265699999999999932e+02
2.770000000000000000e+02,0.000000000000000000e+00,1.000000000000000000e+02,3.027500000000000000e+02,3.267599999999999909e+02
2.780000000000000000e+02,0.000000000000000000e+00,1.000000000000000000e+02,3.030099999999999909e+02,3.267599999999999909e+02
2.790000000000000000e+02,0.000000000000000000e+00,1.000000000000000000e+02,3.030099999999999909e+02,3.269199999999999591e+02
2.800000000000000000e+02,0.000000000000000000e+00,1.000000000000000000e+02,3.030399999999999636e+02,3.267899999999999636e+02
2.810000000000000000e+02,0.000000000000000000e+00,1.000000000000000000e+02,3.030699999999999932e+02,3.267899999999999636e+02
2.820000000000000000e+02,0.000000000000000000e+00,1.000000000000000000e+02,3.030699999999999932e+02,3.268899999999999864e+02
2.830000000000000000e+02,0.000000000000000000e+00,1.000000000000000000e+02,3.030699999999999932e+02,3.269799999999999613e+02
2.840000000000000000e+02,0.000000000000000000e+00,1.000000000000000000e+02,3.030699999999999932e+02,3.270199999999999818e+02
2.850000000000000000e+02,0.000000000000000000e+00,1.000000000000000000e+02,3.030699999999999932e+02,3.270799999999999841e+02
2.860000000000000000e+02,0.000000000000000000e+00,1.000000000000000000e+02,3.030999999999999659e+02,3.270499999999999545e+02
2.870000000000000000e+02,0.000000000000000000e+00,1.000000000000000000e+02,3.030699999999999932e+02,3.272099999999999795e+02
2.880000000000000000e+02,0.000000000000000000e+00,1.000000000000000000e+02,3.032999999999999545e+02,3.273999999999999773e+02
2.890000000000000000e+02,0.000000000000000000e+00,1.000000000000000000e+02,3.033599999999999568e+02,3.273999999999999773e+02
2.900000000000000000e+02,0.000000000000000000e+00,1.000000000000000000e+02,3.033899999999999864e+02,3.274399999999999977e+02
2.910000000000000000e+02,0.000000000000000000e+00,1.000000000000000000e+02,3.033899999999999864e+02,3.273700000000000045e+02
2.920000000000000000e+02,0.000000000000000000e+00,1.000000000000000000e+02,3.033899999999999864e+02,3.276599999999999682e+02
2.930000000000000000e+02,0.000000000000000000e+00,1.000000000000000000e+02,3.033899999999999864e+02,3.277299999999999613e+02
2.940000000000000000e+02,0.000000000000000000e+00,1.000000000000000000e+02,3.033899999999999864e+02,3.277299999999999613e+02
2.950000000000000000e+02,0.000000000000000000e+00,1.000000000000000000e+02,3.033899999999999864e+02,3.275299999999999727e+02
2.960000000000000000e+02,0.000000000000000000e+00,1.000000000000000000e+02,3.034299999999999500e+02,3.275299999999999727e+02
2.970000000000000000e+02,0.000000000000000000e+00,1.000000000000000000e+02,3.034599999999999795e+02,3.277299999999999613e+02
2.980000000000000000e+02,0.000000000000000000e+00,1.000000000000000000e+02,3.035600000000000023e+02,3.279499999999999886e+02
2.990000000000000000e+02,0.000000000000000000e+00,1.000000000000000000e+02,3.036799999999999500e+02,3.280199999999999818e+02
3.000000000000000000e+02,1.000000000000000000e+02,1.000000000000000000e+02,3.037199999999999704e+02,3.280499999999999545e+02
3.010000000000000000e+02,1.000000000000000000e+02,1.000000000000000000e+02,3.037199999999999704e+02,3.278499999999999659e+02
3.020000000000000000e+02,1.000000000000000000e+02,1.000000000000000000e+02,3.037199999999999704e+02,3.277599999999999909e+02
3.030000000000000000e+02,1.000000000000000000e+02,1.000000000000000000e+02,3.037199999999999704e+02,3.279499999999999886e+02
3.040000000000000000e+02,1.000000000000000000e+02,1.000000000000000000e+02,3.037199999999999704e+02,3.282400000000000091e+02
3.050000000000000000e+02,1.000000000000000000e+02,1.000000000000000000e+02,3.037199999999999704e+02,3.282400000000000091e+02
3.060000000000000000e+02,1.000000000000000000e+02,1.000000000000000000e+02,3.040099999999999909e+02,3.282699999999999818e+02
3.070000000000000000e+02,1.000000000000000000e+02,1.000000000000000000e+02,3.040399999999999636e+02,3.280799999999999841e+02
3.080000000000000000e+02,1.000000000000000000e+02,1.000000000000000000e+02,3.041699999999999591e+02,3.280799999999999841e+02
3.090000000000000000e+02,1.000000000000000000e+02,1.000000000000000000e+02,3.043599999999999568e+02,3.282699999999999818e+02
3.100000000000000000e+02,1.000000000000000000e+02,1.000000000000000000e+02,3.043899999999999864e+02,3.283999999999999773e+02
3.110000000000000000e+02,1.000000000000000000e+02,1.000000000000000000e+02,3.046799999999999500e+02,3.285599999999999454e+02
3.120000000000000000e+02,1.000000000000000000e+02,1.000000000000000000e+02,3.048100000000000023e+02,3.285999999999999659e+02
3.130000000000000000e+02,1.000000000000000000e+02,1.000000000000000000e+02,3.050099999999999909e+02,3.285000000000000000e+02
3.140000000000000000e+02,1.000000000000000000e+02,1.000000000000000000e+02,3.053299999999999841e+02,3.285000000000000000e+02
3.150000000000000000e+02,1.000000000000000000e+02,1.000000000000000000e+02,3.056499999999999773e+02,3.286899999999999977e+02
3.160000000000000000e+02,1.000000000000000000e+02,1.000000000000000000e+02,3.056799999999999500e+02,3.286899999999999977e+02
3.170000000000000000e+02,1.000000000000000000e+02,1.000000000000000000e+02,3.059699999999999704e+02,3.287199999999999704e+02
3.180000000000000000e+02,1.000000000000000000e+02,1.000000000000000000e+02,3.062899999999999636e+02,3.287899999999999636e+02
3.190000000000000000e+02,1.000000000000000000e+02,1.000000000000000000e+02,3.066200000000000045e+02,3.288199999999999932e+02
3.200000000000000000e+02,1.000000000000000000e+02,1.000000000000000000e+02,3.069399999999999977e+02,3.288199999999999932e+02
3.210000000000000000e+02,1.000000000000000000e+02,1.000000000000000000e+02,3.072599999999999909e+02,3.290099999999999909e+02
3.220000000000000000e+02,1.000000000000000000e+02,1.000000000000000000e+02,3.075799999999999841e+02,3.290099999999999909e+02
3.230000000000000000e+02,1.000000000000000000e+02,1.000000000000000000e+02,3.079099999999999682e+02,3.289199999999999591e+02
3.240000000000000000e+02,1.000000000000000000e+02,1.000000000000000000e+02,3.082299999999999613e+02,3.289799999999999613e+02
3.250000000000000000e+02,1.000000000000000000e+02,1.000000000000000000e+02,3.085499999999999545e+02,3.291399999999999864e+02
3.260000000000000000e+02,1.000000000000000000e+02,1.000000000000000000e+02,3.088700000000000045e+02,3.292400000000000091e+02
3.270000000000000000e+02,1.000000000000000000e+02,1.000000000000000000e+02,3.092299999999999613e+02,3.293399999999999750e+02
3.280000000000000000e+02,1.000000000000000000e+02,1.000000000000000000e+02,3.095499999999999545e+02,3.293399999999999750e+02
3.290000000000000000e+02,1.000000000000000000e+02,1.000000000000000000e+02,3.100699999999999932e+02,3.292699999999999818e+02
3.300000000000000000e+02,1.000000000000000000e+02,1.000000000000000000e+02,3.104499999999999886e+02,3.293999999999999773e+02
3.310000000000000000e+02,1.000000000000000000e+02,1.000000000000000000e+02,3.108099999999999454e+02,3.296599999999999682e+02
3.320000000000000000e+02,1.000000000000000000e+02,1.000000000000000000e+02,3.111299999999999955e+02,3.296599999999999682e+02
3.330000000000000000e+02,1.000000000000000000e+02,1.000000000000000000e+02,3.114499999999999886e+02,3.294699999999999704e+02
3.340000000000000000e+02,1.000000000000000000e+02,1.000000000000000000e+02,3.118999999999999773e+02,3.295899999999999750e+02
3.350000000000000000e+02,1.000000000000000000e+02,1.000000000000000000e+02,3.123899999999999864e+02,3.295899999999999750e+02
3.360000000000000000e+02,1.000000000000000000e+02,1.000000000000000000e+02,3.127400000000000091e+02,3.298199999999999932e+02
3.370000000000000000e+02,1.000000000000000000e+02,1.000000000000000000e+02,3.130599999999999454e+02,3.297599999999999909e+02
3.380000000000000000e+02,1.000000000000000000e+02,1.000000000000000000e+02,3.133799999999999955e+02,3.299799999999999613e+02
3.390000000000000000e+02,1.000000000000000000e+02,1.000000000000000000e+02,3.139599999999999795e+02,3.298199999999999932e+02
3.400000000000000000e+02,1.000000000000000000e+02,1.000000000000000000e+02,3.143499999999999659e+02,3.297599999999999909e+02
3.410000000000000000e+02,1.000000000000000000e+02,1.000000000000000000e+02,3.146699999999999591e+02,3.299199999999999591e+02
3.420000000000000000e+02,1.000000000000000000e+02,1.000000000000000000e+02,3.150000000000000000e+02,3.301099999999999568e+02
3.430000000000000000e+02,1.000000000000000000e+02,1.000000000000000000e+02,3.155799999999999841e+02,3.301099999999999568e+02
3.440000000000000000e+02,1.000000000000000000e+02,1.000000000000000000e+02,3.159599999999999795e+02,3.302999999999999545e+02
3.450000000000000000e+02,1.000000000000000000e+02,1.000000000000000000e+02,3.162799999999999727e+02,3.302099999999999795e+02
3.460000000000000000e+02,1.000000000000000000e+02,1.000000000000000000e+02,3.166399999999999864e+02,3.303999999999999773e+02
3.470000000000000000e+02,1.000000000000000000e+02,1.000000000000000000e+02,3.171899999999999977e+02,3.305299999999999727e+02
3.480000000000000000e+02,1.000000000000000000e+02,1.000000000000000000e+02,3.175699999999999932e+02,3.306299999999999955e+02
3.490000000000000000e+02,1.000000000000000000e+02,1.000000000000000000e+02,3.178999999999999773e+02,3.305599999999999454e+02
3.500000000000000000e+02,1.000000000000000000e+02,1.000000000000000000e+02,3.182199999999999704e+02,3.306599999999999682e+02
3.510000000000000000e+02,1.000000000000000000e+02,1.000000000000000000e+02,3.188299999999999841e+02,3.306299999999999955e+02
3.520000000000000000e+02,1.000000000000000000e+02,1.000000000000000000e+02,3.191899999999999977e+02,3.306599999999999682e+02
3.530000000000000000e+02,1.000000000000000000e+02,1.000000000000000000e+02,3.195099999999999909e+02,3.308499999999999659e+02
3.540000000000000000e+02,1.000000000000000000e+02,1.000000000000000000e+02,3.199299999999999500e+02,3.309199999999999591e+02
3.550000000000000000e+02,1.000000000000000000e+02,1.000000000000000000e+02,3.204699999999999704e+02,3.312099999999999795e+02
3.560000000000000000e+02,1.000000000000000000e+02,1.000000000000000000e+02,3.207999999999999545e+02,3.311699999999999591e+02
3.570000000000000000e+02,1.000000000000000000e+02,1.000000000000000000e+02,3.211200000000000045e+02,3.309799999999999613e+02
3.580000000000000000e+02,1.000000000000000000e+02,1.000000000000000000e+02,3.215699999999999932e+02,3.310799999999999841e+02
3.590000000000000000e+02,1.000000000000000000e+02,1.000000000000000000e+02,3.220199999999999818e+02,3.313299999999999841e+02
3.600000000000000000e+02,1.000000000000000000e+02,1.000000000000000000e+02,3.224099999999999682e+02,3.315899999999999750e+02
3.610000000000000000e+02,1.000000000000000000e+02,1.000000000000000000e+02,3.227299999999999613e+02,3.315899999999999750e+02
3.620000000000000000e+02,1.000000000000000000e+02,1.000000000000000000e+02,3.230799999999999841e+02,3.315899999999999750e+02
3.630000000000000000e+02,1.000000000000000000e+02,1.000000000000000000e+02,3.236599999999999682e+02,3.316200000000000045e+02
3.640000000000000000e+02,1.000000000000000000e+02,1.000000000000000000e+02,3.240199999999999818e+02,3.317199999999999704e+02
3.650000000000000000e+02,1.000000000000000000e+02,1.000000000000000000e+02,3.243399999999999750e+02,3.318199999999999932e+02
3.660000000000000000e+02,1.000000000000000000e+02,1.000000000000000000e+02,3.246999999999999886e+02,3.319499999999999886e+02
3.670000000000000000e+02,1.000000000000000000e+02,1.000000000000000000e+02,3.251099999999999568e+02,3.321399999999999864e+02
3.680000000000000000e+02,1.000000000000000000e+02,1.000000000000000000e+02,3.255999999999999659e+02,3.321399999999999864e+02
3.690000000000000000e+02,1.000000000000000000e+02,1.000000000000000000e+02,3.259499999999999886e+02,3.321099999999999568e+02
3.700000000000000000e+02,1.000000000000000000e+02,1.000000000000000000e+02,3.262799999999999727e+02,3.322999999999999545e+02
3.710000000000000000e+02,1.000000000000000000e+02,1.000000000000000000e+02,3.266299999999999955e+02,3.325599999999999454e+02
3.720000000000000000e+02,1.000000000000000000e+02,1.000000000000000000e+02,3.271099999999999568e+02,3.325599999999999454e+02
3.730000000000000000e+02,1.000000000000000000e+02,1.000000000000000000e+02,3.275599999999999454e+02,3.324599999999999795e+02
3.740000000000000000e+02,1.000000000000000000e+02,1.000000000000000000e+02,3.278899999999999864e+02,3.326599999999999682e+02
3.750000000000000000e+02,1.000000000000000000e+02,1.000000000000000000e+02,3.282099999999999795e+02,3.327799999999999727e+02
3.760000000000000000e+02,1.000000000000000000e+02,1.000000000000000000e+02,3.285299999999999727e+02,3.329799999999999613e+02
3.770000000000000000e+02,1.000000000000000000e+02,1.000000000000000000e+02,3.290099999999999909e+02,3.330699999999999932e+02
3.780000000000000000e+02,1.000000000000000000e+02,1.000000000000000000e+02,3.293999999999999773e+02,3.330099999999999909e+02
3.790000000000000000e+02,1.000000000000000000e+02,1.000000000000000000e+02,3.298199999999999932e+02,3.330099999999999909e+02
3.800000000000000000e+02,1.000000000000000000e+02,1.000000000000000000e+02,3.301399999999999864e+02,3.333599999999999568e+02
3.810000000000000000e+02,1.000000000000000000e+02,1.000000000000000000e+02,3.304599999999999795e+02,3.335299999999999727e+02
3.820000000000000000e+02,1.000000000000000000e+02,1.000000000000000000e+02,3.307899999999999636e+02,3.335299999999999727e+02
3.830000000000000000e+02,1.000000000000000000e+02,1.000000000000000000e+02,3.311099999999999568e+02,3.333599999999999568e+02
3.840000000000000000e+02,1.000000000000000000e+02,1.000000000000000000e+02,3.314599999999999795e+02,3.334900000000000091e+02
3.850000000000000000e+02,1.000000000000000000e+02,1.000000000000000000e+02,3.319099999999999682e+02,3.337500000000000000e+02
3.860000000000000000e+02,1.000000000000000000e+02,1.000000000000000000e+02,3.321699999999999591e+02,3.338799999999999955e+02
3.870000000000000000e+02,1.000000000000000000e+02,1.000000000000000000e+02,3.326899999999999977e+02,3.339099999999999682e+02
3.880000000000000000e+02,1.000000000000000000e+02,1.000000000000000000e+02,3.330399999999999636e+02,3.341699999999999591e+02
3.890000000000000000e+02,1.000000000000000000e+02,1.000000000000000000e+02,3.333599999999999568e+02,3.340099999999999909e+02
3.900000000000000000e+02,1.000000000000000000e+02,1.000000000000000000e+02,3.336899999999999977e+02,3.340699999999999932e+02
3.910000000000000000e+02,1.000000000000000000e+02,1.000000000000000000e+02,3.340099999999999909e+02,3.342699999999999818e+02
3.920000000000000000e+02,1.000000000000000000e+02,1.000000000000000000e+02,3.343299999999999841e+02,3.344900000000000091e+02
3.930000000000000000e+02,1.000000000000000000e+02,1.000000000000000000e+02,3.346499999999999773e+02,3.345299999999999727e+02
3.940000000000000000e+02,1.000000000000000000e+02,1.000000000000000000e+02,3.349799999999999613e+02,3.346499999999999773e+02
3.950000000000000000e+02,1.000000000000000000e+02,1.000000000000000000e+02,3.352999999999999545e+02,3.345299999999999727e+02
3.960000000000000000e+02,1.000000000000000000e+02,1.000000000000000000e+02,3.356200000000000045e+02,3.345299999999999727e+02
3.970000000000000000e+02,1.000000000000000000e+02,1.000000000000000000e+02,3.359399999999999977e+02,3.349099999999999682e+02
3.980000000000000000e+02,1.000000000000000000e+02,1.000000000000000000e+02,3.362699999999999818e+02,3.351399999999999864e+02
3.990000000000000000e+02,1.000000000000000000e+02,1.000000000000000000e+02,3.366200000000000045e+02,3.351699999999999591e+02
4.000000000000000000e+02,1.000000000000000000e+02,1.000000000000000000e+02,3.369099999999999682e+02,3.352699999999999818e+02
4.010000000000000000e+02,1.000000000000000000e+02,1.000000000000000000e+02,3.372299999999999613e+02,3.352699999999999818e+02
4.020000000000000000e+02,1.000000000000000000e+02,1.000000000000000000e+02,3.375499999999999545e+02,3.352699999999999818e+02
4.030000000000000000e+02,1.000000000000000000e+02,1.000000000000000000e+02,3.378799999999999955e+02,3.354900000000000091e+02
4.040000000000000000e+02,1.000000000000000000e+02,1.000000000000000000e+02,3.382299999999999613e+02,3.357799999999999727e+02
4.050000000000000000e+02,1.000000000000000000e+02,1.000000000000000000e+02,3.385199999999999818e+02,3.357199999999999704e+02
4.060000000000000000e+02,1.000000000000000000e+02,1.000000000000000000e+02,3.389099999999999682e+02,3.359399999999999977e+02
4.070000000000000000e+02,1.000000000000000000e+02,1.000000000000000000e+02,3.391999999999999886e+02,3.358099999999999454e+02
4.080000000000000000e+02,1.000000000000000000e+02,1.000000000000000000e+02,3.394900000000000091e+02,3.359799999999999613e+02
4.090000000000000000e+02,1.000000000000000000e+02,1.000000000000000000e+02,3.398099999999999454e+02,3.361399999999999864e+02
4.100000000000000000e+02,1.000000000000000000e+02,1.000000000000000000e+02,3.401299999999999955e+02,3.362699999999999818e+02
4.110000000000000000e+02,1.000000000000000000e+02,1.000000000000000000e+02,3.404499999999999886e+02,3.363299999999999841e+02
4.120000000000000000e+02,1.000000000000000000e+02,1.000000000000000000e+02,3.407799999999999727e+02,3.362999999999999545e+02
4.130000000000000000e+02,1.000000000000000000e+02,1.000000000000000000e+02,3.410999999999999659e+02,3.364900000000000091e+02
4.140000000000000000e+02,1.000000000000000000e+02,1.000000000000000000e+02,3.414199999999999591e+02,3.366200000000000045e+02
4.150000000000000000e+02,1.000000000000000000e+02,1.000000000000000000e+02,3.417400000000000091e+02,3.369099999999999682e+02
4.160000000000000000e+02,1.000000000000000000e+02,1.000000000000000000e+02,3.420000000000000000e+02,3.369399999999999977e+02
4.170000000000000000e+02,1.000000000000000000e+02,1.000000000000000000e+02,3.421299999999999955e+02,3.369699999999999704e+02
4.180000000000000000e+02,1.000000000000000000e+02,1.000000000000000000e+02,3.424199999999999591e+02,3.369699999999999704e+02
4.190000000000000000e+02,1.000000000000000000e+02,1.000000000000000000e+02,3.427400000000000091e+02,3.370399999999999636e+02
4.200000000000000000e+02,1.000000000000000000e+02,1.000000000000000000e+02,3.430299999999999727e+02,3.372999999999999545e+02
4.210000000000000000e+02,1.000000000000000000e+02,1.000000000000000000e+02,3.433599999999999568e+02,3.375499999999999545e+02
4.220000000000000000e+02,1.000000000000000000e+02,1.000000000000000000e+02,3.436799999999999500e+02,3.376499999999999773e+02
4.230000000000000000e+02,1.000000000000000000e+02,1.000000000000000000e+02,3.439699999999999704e+02,3.376200000000000045e+02
4.240000000000000000e+02,1.000000000000000000e+02,1.000000000000000000e+02,3.442599999999999909e+02,3.376799999999999500e+02
4.250000000000000000e+02,1.000000000000000000e+02,1.000000000000000000e+02,3.444499999999999886e+02,3.379399999999999977e+02
4.260000000000000000e+02,1.000000000000000000e+02,1.000000000000000000e+02,3.447099999999999795e+02,3.380399999999999636e+02
4.270000000000000000e+02,1.000000000000000000e+02,1.000000000000000000e+02,3.449699999999999704e+02,3.379399999999999977e+02
4.280000000000000000e+02,1.000000000000000000e+02,1.000000000000000000e+02,3.452899999999999636e+02,3.379699999999999704e+02
4.290000000000000000e+02,1.000000000000000000e+02,1.000000000000000000e+02,3.456099999999999568e+02,3.382299999999999613e+02
4.300000000000000000e+02,1.000000000000000000e+02,1.000000000000000000e+02,3.459299999999999500e+02,3.384599999999999795e+02
4.310000000000000000e+02,1.000000000000000000e+02,1.000000000000000000e+02,3.460899999999999750e+02,3.384199999999999591e+02
4.320000000000000000e+02,1.000000000000000000e+02,1.000000000000000000e+02,3.463499999999999659e+02,3.385499999999999545e+02
4.330000000000000000e+02,1.000000000000000000e+02,1.000000000000000000e+02,3.465799999999999841e+02,3.384199999999999591e+02
4.340000000000000000e+02,1.000000000000000000e+02,1.000000000000000000e+02,3.468999999999999773e+02,3.385499999999999545e+02
4.350000000000000000e+02,1.000000000000000000e+02,1.000000000000000000e+02,3.472199999999999704e+02,3.389099999999999682e+02
4.360000000000000000e+02,1.000000000000000000e+02,1.000000000000000000e+02,3.474799999999999613e+02,3.390399999999999636e+02
4.370000000000000000e+02,1.000000000000000000e+02,1.000000000000000000e+02,3.475399999999999636e+02,3.391699999999999591e+02
4.380000000000000000e+02,1.000000000000000000e+02,1.000000000000000000e+02,3.478700000000000045e+02,3.391999999999999886e+02
4.390000000000000000e+02,1.000000000000000000e+02,1.000000000000000000e+02,3.481899999999999977e+02,3.390999999999999659e+02
4.400000000000000000e+02,1.000000000000000000e+02,1.000000000000000000e+02,3.484099999999999682e+02,3.392299999999999613e+02
4.410000000000000000e+02,1.000000000000000000e+02,1.000000000000000000e+02,3.485399999999999636e+02,3.395199999999999818e+02
4.420000000000000000e+02,1.000000000000000000e+02,1.000000000000000000e+02,3.488299999999999841e+02,3.397099999999999795e+02
4.430000000000000000e+02,1.000000000000000000e+02,1.000000000000000000e+02,3.491599999999999682e+02,3.398099999999999454e+02
4.440000000000000000e+02,1.000000000000000000e+02,1.000000000000000000e+02,3.494499999999999886e+02,3.398399999999999750e+02
4.450000000000000000e+02,1.000000000000000000e+02,1.000000000000000000e+02,3.495099999999999909e+02,3.397799999999999727e+02
4.460000000000000000e+02,1.000000000000000000e+02,1.000000000000000000e+02,3.497999999999999545e+02,3.398700000000000045e+02
4.470000000000000000e+02,1.000000000000000000e+02,1.000000000000000000e+02,3.501200000000000045e+02,3.401599999999999682e+02
4.480000000000000000e+02,1.000000000000000000e+02,1.000000000000000000e+02,3.501899999999999977e+02,3.403899999999999864e+02
4.490000000000000000e+02,1.000000000000000000e+02,1.000000000000000000e+02,3.504399999999999977e+02,3.404199999999999591e+02
4.500000000000000000e+02,1.000000000000000000e+02,1.000000000000000000e+02,3.507699999999999818e+02,3.403299999999999841e+02
4.510000000000000000e+02,1.000000000000000000e+02,1.000000000000000000e+02,3.510599999999999454e+02,3.404199999999999591e+02
4.520000000000000000e+02,1.000000000000000000e+02,1.000000000000000000e+02,3.511200000000000045e+02,3.403599999999999568e+02
4.530000000000000000e+02,1.000000000000000000e+02,1.000000000000000000e+02,3.514099999999999682e+02,3.407799999999999727e+02
4.540000000000000000e+02,1.000000000000000000e+02,1.000000000000000000e+02,3.516999999999999886e+02,3.408099999999999454e+02
4.550000000000000000e+02,1.000000000000000000e+02,1.000000000000000000e+02,3.518299999999999841e+02,3.410699999999999932e+02
4.560000000000000000e+02,1.000000000000000000e+02,1.000000000000000000e+02,3.520599999999999454e+02,3.408399999999999750e+02
4.570000000000000000e+02,1.000000000000000000e+02,1.000000000000000000e+02,3.523799999999999955e+02,3.408700000000000045e+02
4.580000000000000000e+02,1.000000000000000000e+02,1.000000000000000000e+02,3.524399999999999977e+02,3.410999999999999659e+02
4.590000000000000000e+02,1.000000000000000000e+02,1.000000000000000000e+02,3.526999999999999886e+02,3.413899999999999864e+02
4.600000000000000000e+02,1.000000000000000000e+02,1.000000000000000000e+02,3.529900000000000091e+02,3.413899999999999864e+02
4.610000000000000000e+02,1.000000000000000000e+02,1.000000000000000000e+02,3.530899999999999750e+02,3.416099999999999568e+02
4.620000000000000000e+02,1.000000000000000000e+02,1.000000000000000000e+02,3.533499999999999659e+02,3.414900000000000091e+02
4.630000000000000000e+02,1.000000000000000000e+02,1.000000000000000000e+02,3.536699999999999591e+02,3.415199999999999818e+02
4.640000000000000000e+02,1.000000000000000000e+02,1.000000000000000000e+02,3.536999999999999886e+02,3.418700000000000045e+02
4.650000000000000000e+02,1.000000000000000000e+02,1.000000000000000000e+02,3.539900000000000091e+02,3.420699999999999932e+02
4.660000000000000000e+02,1.000000000000000000e+02,1.000000000000000000e+02,3.543099999999999454e+02,3.421299999999999955e+02
4.670000000000000000e+02,1.000000000000000000e+02,1.000000000000000000e+02,3.543399999999999750e+02,3.420699999999999932e+02
4.680000000000000000e+02,1.000000000000000000e+02,1.000000000000000000e+02,3.546299999999999955e+02,3.420999999999999659e+02
4.690000000000000000e+02,1.000000000000000000e+02,1.000000000000000000e+02,3.547299999999999613e+02,3.421299999999999955e+02
4.700000000000000000e+02,1.000000000000000000e+02,1.000000000000000000e+02,3.549900000000000091e+02,3.423899999999999864e+02
4.710000000000000000e+02,1.000000000000000000e+02,1.000000000000000000e+02,3.552799999999999727e+02,3.425199999999999818e+02
4.720000000000000000e+02,1.000000000000000000e+02,1.000000000000000000e+02,3.553399999999999750e+02,3.425799999999999841e+02
4.730000000000000000e+02,1.000000000000000000e+02,1.000000000000000000e+02,3.555999999999999659e+02,3.425499999999999545e+02
4.740000000000000000e+02,1.000000000000000000e+02,1.000000000000000000e+02,3.558899999999999864e+02,3.428399999999999750e+02
4.750000000000000000e+02,1.000000000000000000e+02,1.000000000000000000e+02,3.559199999999999591e+02,3.428999999999999773e+02
4.760000000000000000e+02,1.000000000000000000e+02,1.000000000000000000e+02,3.562500000000000000e+02,3.428999999999999773e+02
4.770000000000000000e+02,1.000000000000000000e+02,1.000000000000000000e+02,3.563399999999999750e+02,3.428999999999999773e+02
4.780000000000000000e+02,1.000000000000000000e+02,1.000000000000000000e+02,3.565699999999999932e+02,3.429699999999999704e+02
4.790000000000000000e+02,1.000000000000000000e+02,1.000000000000000000e+02,3.565699999999999932e+02,3.432599999999999909e+02
4.800000000000000000e+02,1.000000000000000000e+02,1.000000000000000000e+02,3.568899999999999864e+02,3.434499999999999886e+02
4.810000000000000000e+02,1.000000000000000000e+02,1.000000000000000000e+02,3.571200000000000045e+02,3.436499999999999773e+02
4.820000000000000000e+02,1.000000000000000000e+02,1.000000000000000000e+02,3.572099999999999795e+02,3.435499999999999545e+02
4.830000000000000000e+02,1.000000000000000000e+02,1.000000000000000000e+02,3.574399999999999977e+02,3.434799999999999613e+02
4.840000000000000000e+02,1.000000000000000000e+02,1.000000000000000000e+02,3.575299999999999727e+02,3.436799999999999500e+02
4.850000000000000000e+02,1.000000000000000000e+02,1.000000000000000000e+02,3.578599999999999568e+02,3.440000000000000000e+02
4.860000000000000000e+02,1.000000000000000000e+02,1.000000000000000000e+02,3.578599999999999568e+02,3.440299999999999727e+02
4.870000000000000000e+02,1.000000000000000000e+02,1.000000000000000000e+02,3.581799999999999500e+02,3.441599999999999682e+02
4.880000000000000000e+02,1.000000000000000000e+02,1.000000000000000000e+02,3.582799999999999727e+02,3.441899999999999977e+02
4.890000000000000000e+02,1.000000000000000000e+02,1.000000000000000000e+02,3.585000000000000000e+02,3.440599999999999454e+02
4.900000000000000000e+02,1.000000000000000000e+02,1.000000000000000000e+02,3.586299999999999955e+02,3.441299999999999955e+02
4.910000000000000000e+02,1.000000000000000000e+02,1.000000000000000000e+02,3.588199999999999932e+02,3.446399999999999864e+02
4.920000000000000000e+02,1.000000000000000000e+02,1.000000000000000000e+02,3.588899999999999864e+02,3.446399999999999864e+02
4.930000000000000000e+02,1.000000000000000000e+02,1.000000000000000000e+02,3.591499999999999773e+02,3.446399999999999864e+02
4.940000000000000000e+02,1.000000000000000000e+02,1.000000000000000000e+02,3.592699999999999818e+02,3.447400000000000091e+02
4.950000000000000000e+02,1.000000000000000000e+02,1.000000000000000000e+02,3.594699999999999704e+02,3.447099999999999795e+02
4.960000000000000000e+02,1.000000000000000000e+02,1.000000000000000000e+02,3.597599999999999909e+02,3.447099999999999795e+02
4.970000000000000000e+02,1.000000000000000000e+02,1.000000000000000000e+02,3.597899999999999636e+02,3.449299999999999500e+02
4.980000000000000000e+02,1.000000000000000000e+02,1.000000000000000000e+02,3.598199999999999932e+02,3.452599999999999909e+02
4.990000000000000000e+02,1.000000000000000000e+02,1.000000000000000000e+02,3.601099999999999568e+02,3.452899999999999636e+02
5.000000000000000000e+02,1.000000000000000000e+02,1.000000000000000000e+02,3.602699999999999818e+02,3.451899999999999977e+02
5.010000000000000000e+02,1.000000000000000000e+02,1.000000000000000000e+02,3.604399999999999977e+02,3.451599999999999682e+02
5.020000000000000000e+02,1.000000000000000000e+02,1.000000000000000000e+02,3.605299999999999727e+02,3.454799999999999613e+02
5.030000000000000000e+02,1.000000000000000000e+02,1.000000000000000000e+02,3.607599999999999909e+02,3.456099999999999568e+02
5.040000000000000000e+02,1.000000000000000000e+02,1.000000000000000000e+02,3.608899999999999864e+02,3.456099999999999568e+02
5.050000000000000000e+02,1.000000000000000000e+02,1.000000000000000000e+02,3.610799999999999841e+02,3.458399999999999750e+02
5.060000000000000000e+02,1.000000000000000000e+02,1.000000000000000000e+02,3.610799999999999841e+02,3.457999999999999545e+02
5.070000000000000000e+02,1.000000000000000000e+02,1.000000000000000000e+02,3.613700000000000045e+02,3.456799999999999500e+02
5.080000000000000000e+02,1.000000000000000000e+02,1.000000000000000000e+02,3.614299999999999500e+02,3.460599999999999454e+02
5.090000000000000000e+02,1.000000000000000000e+02,1.000000000000000000e+02,3.616599999999999682e+02,3.462599999999999909e+02
5.100000000000000000e+02,1.000000000000000000e+02,1.000000000000000000e+02,3.617199999999999704e+02,3.462599999999999909e+02
5.110000000000000000e+02,1.000000000000000000e+02,1.000000000000000000e+02,3.619799999999999613e+02,3.463499999999999659e+02
5.120000000000000000e+02,1.000000000000000000e+02,1.000000000000000000e+02,3.620499999999999545e+02,3.464199999999999591e+02
5.130000000000000000e+02,1.000000000000000000e+02,1.000000000000000000e+02,3.622400000000000091e+02,3.463199999999999932e+02
5.140000000000000000e+02,1.000000000000000000e+02,1.000000000000000000e+02,3.623700000000000045e+02,3.464499999999999886e+02
5.150000000000000000e+02,1.000000000000000000e+02,1.000000000000000000e+02,3.624299999999999500e+02,3.467400000000000091e+02
5.160000000000000000e+02,1.000000000000000000e+02,1.000000000000000000e+02,3.626899999999999977e+02,3.467699999999999818e+02
5.170000000000000000e+02,1.000000000000000000e+02,1.000000000000000000e+02,3.627599999999999909e+02,3.467699999999999818e+02
5.180000000000000000e+02,1.000000000000000000e+02,1.000000000000000000e+02,3.630099999999999909e+02,3.466399999999999864e+02
5.190000000000000000e+02,1.000000000000000000e+02,1.000000000000000000e+02,3.630099999999999909e+02,3.467999999999999545e+02
5.200000000000000000e+02,1.000000000000000000e+02,1.000000000000000000e+02,3.632099999999999795e+02,3.470899999999999750e+02
5.210000000000000000e+02,1.000000000000000000e+02,1.000000000000000000e+02,3.633399999999999750e+02,3.472199999999999704e+02
5.220000000000000000e+02,1.000000000000000000e+02,1.000000000000000000e+02,3.633399999999999750e+02,3.472500000000000000e+02
5.230000000000000000e+02,1.000000000000000000e+02,1.000000000000000000e+02,3.636599999999999682e+02,3.471899999999999977e+02
5.240000000000000000e+02,1.000000000000000000e+02,1.000000000000000000e+02,3.636599999999999682e+02,3.472899999999999636e+02
5.250000000000000000e+02,1.000000000000000000e+02,1.000000000000000000e+02,3.639199999999999591e+02,3.474199999999999591e+02
5.260000000000000000e+02,1.000000000000000000e+02,1.000000000000000000e+02,3.639799999999999613e+02,3.474199999999999591e+02
5.270000000000000000e+02,1.000000000000000000e+02,1.000000000000000000e+02,3.640399999999999636e+02,3.478299999999999841e+02
5.280000000000000000e+02,1.000000000000000000e+02,1.000000000000000000e+02,3.642999999999999545e+02,3.477400000000000091e+02
5.290000000000000000e+02,1.000000000000000000e+02,1.000000000000000000e+02,3.642999999999999545e+02,3.476099999999999568e+02
5.300000000000000000e+02,1.000000000000000000e+02,1.000000000000000000e+02,3.645299999999999727e+02,3.476399999999999864e+02
5.310000000000000000e+02,1.000000000000000000e+02,1.000000000000000000e+02,3.646200000000000045e+02,3.481200000000000045e+02
5.320000000000000000e+02,1.000000000000000000e+02,1.000000000000000000e+02,3.646899999999999977e+02,3.480299999999999727e+02
5.330000000000000000e+02,1.000000000000000000e+02,1.000000000000000000e+02,3.649499999999999886e+02,3.479299999999999500e+02
5.340000000000000000e+02,1.000000000000000000e+02,1.000000000000000000e+02,3.649499999999999886e+02,3.480299999999999727e+02
5.350000000000000000e+02,1.000000000000000000e+02,1.000000000000000000e+02,3.651699999999999591e+02,3.482500000000000000e+02
5.360000000000000000e+02,1.000000000000000000e+02,1.000000000000000000e+02,3.652699999999999818e+02,3.485099999999999909e+02
5.370000000000000000e+02,1.000000000000000000e+02,1.000000000000000000e+02,3.652699999999999818e+02,3.485099999999999909e+02
5.380000000000000000e+02,1.000000000000000000e+02,1.000000000000000000e+02,3.655599999999999454e+02,3.484099999999999682e+02
5.390000000000000000e+02,1.000000000000000000e+02,1.000000000000000000e+02,3.655899999999999750e+02,3.485799999999999841e+02
5.400000000000000000e+02,1.000000000000000000e+02,1.000000000000000000e+02,3.656599999999999682e+02,3.485799999999999841e+02
5.410000000000000000e+02,1.000000000000000000e+02,1.000000000000000000e+02,3.659099999999999682e+02,3.488299999999999841e+02
5.420000000000000000e+02,1.000000000000000000e+02,1.000000000000000000e+02,3.659099999999999682e+02,3.488999999999999773e+02
5.430000000000000000e+02,1.000000000000000000e+02,1.000000000000000000e+02,3.661999999999999886e+02,3.489599999999999795e+02
5.440000000000000000e+02,1.000000000000000000e+02,1.000000000000000000e+02,3.662400000000000091e+02,3.488999999999999773e+02
5.450000000000000000e+02,1.000000000000000000e+02,1.000000000000000000e+02,3.662400000000000091e+02,3.487699999999999818e+02
5.460000000000000000e+02,1.000000000000000000e+02,1.000000000000000000e+02,3.664299999999999500e+02,3.489299999999999500e+02
5.470000000000000000e+02,1.000000000000000000e+02,1.000000000000000000e+02,3.665599999999999454e+02,3.492500000000000000e+02
5.480000000000000000e+02,1.000000000000000000e+02,1.000000000000000000e+02,3.665599999999999454e+02,3.494799999999999613e+02
5.490000000000000000e+02,1.000000000000000000e+02,1.000000000000000000e+02,3.668499999999999659e+02,3.494799999999999613e+02
5.500000000000000000e+02,1.000000000000000000e+02,1.000000000000000000e+02,3.668799999999999955e+02,3.492500000000000000e+02
5.510000000000000000e+02,1.000000000000000000e+02,1.000000000000000000e+02,3.668799999999999955e+02,3.494499999999999886e+02
5.520000000000000000e+02,1.000000000000000000e+02,1.000000000000000000e+02,3.670399999999999636e+02,3.495099999999999909e+02
5.530000000000000000e+02,1.000000000000000000e+02,1.000000000000000000e+02,3.671999999999999886e+02,3.496699999999999591e+02
5.540000000000000000e+02,1.000000000000000000e+02,1.000000000000000000e+02,3.671999999999999886e+02,3.498599999999999568e+02
5.550000000000000000e+02,1.000000000000000000e+02,1.000000000000000000e+02,3.674599999999999795e+02,3.498599999999999568e+02
5.560000000000000000e+02,1.000000000000000000e+02,1.000000000000000000e+02,3.675199999999999818e+02,3.498599999999999568e+02
5.570000000000000000e+02,1.000000000000000000e+02,1.000000000000000000e+02,3.675199999999999818e+02,3.498599999999999568e+02
5.580000000000000000e+02,1.000000000000000000e+02,1.000000000000000000e+02,3.676899999999999977e+02,3.499900000000000091e+02
5.590000000000000000e+02,1.000000000000000000e+02,1.000000000000000000e+02,3.677799999999999727e+02,3.501499999999999773e+02
5.600000000000000000e+02,1.000000000000000000e+02,1.000000000000000000e+02,3.678499999999999659e+02,3.501899999999999977e+02
5.610000000000000000e+02,1.000000000000000000e+02,1.000000000000000000e+02,3.678799999999999955e+02,3.504399999999999977e+02
5.620000000000000000e+02,1.000000000000000000e+02,1.000000000000000000e+02,3.681699999999999591e+02,3.501899999999999977e+02
5.630000000000000000e+02,1.000000000000000000e+02,1.000000000000000000e+02,3.681699999999999591e+02,3.500599999999999454e+02
5.640000000000000000e+02,1.000000000000000000e+02,1.000000000000000000e+02,3.681699999999999591e+02,3.503799999999999955e+02
5.650000000000000000e+02,1.000000000000000000e+02,1.000000000000000000e+02,3.683999999999999773e+02,3.507699999999999818e+02
5.660000000000000000e+02,1.000000000000000000e+02,1.000000000000000000e+02,3.684900000000000091e+02,3.505099999999999909e+02
5.670000000000000000e+02,1.000000000000000000e+02,1.000000000000000000e+02,3.684900000000000091e+02,3.506399999999999864e+02
5.680000000000000000e+02,1.000000000000000000e+02,1.000000000000000000e+02,3.687500000000000000e+02,3.506099999999999568e+02
5.690000000000000000e+02,1.000000000000000000e+02,1.000000000000000000e+02,3.688099999999999454e+02,3.507699999999999818e+02
5.700000000000000000e+02,1.000000000000000000e+02,1.000000000000000000e+02,3.688099999999999454e+02,3.509599999999999795e+02
5.710000000000000000e+02,1.000000000000000000e+02,1.000000000000000000e+02,3.688099999999999454e+02,3.510899999999999750e+02
5.720000000000000000e+02,1.000000000000000000e+02,1.000000000000000000e+02,3.691399999999999864e+02,3.510899999999999750e+02
5.730000000000000000e+02,1.000000000000000000e+02,1.000000000000000000e+02,3.691399999999999864e+02,3.511499999999999773e+02
5.740000000000000000e+02,1.000000000000000000e+02,1.000000000000000000e+02,3.691399999999999864e+02,3.510899999999999750e+02
5.750000000000000000e+02,1.000000000000000000e+02,1.000000000000000000e+02,3.693599999999999568e+02,3.511499999999999773e+02
5.760000000000000000e+02,1.000000000000000000e+02,1.000000000000000000e+02,3.694599999999999795e+02,3.512799999999999727e+02
5.770000000000000000e+02,1.000000000000000000e+02,1.000000000000000000e+02,3.694900000000000091e+02,3.514099999999999682e+02
5.780000000000000000e+02,1.000000000000000000e+02,1.000000000000000000e+02,3.695899999999999750e+02,3.515399999999999636e+02
5.790000000000000000e+02,1.000000000000000000e+02,1.000000000000000000e+02,3.697500000000000000e+02,3.514799999999999613e+02
5.800000000000000000e+02,1.000000000000000000e+02,1.000000000000000000e+02,3.697799999999999727e+02,3.513499999999999659e+02
5.810000000000000000e+02,1.000000000000000000e+02,1.000000000000000000e+02,3.697799999999999727e+02,3.513499999999999659e+02
5.820000000000000000e+02,1.000000000000000000e+02,1.000000000000000000e+02,3.699699999999999704e+02,3.517999999999999545e+02
5.830000000000000000e+02,1.000000000000000000e+02,1.000000000000000000e+02,3.700999999999999659e+02,3.520199999999999818e+02
5.840000000000000000e+02,1.000000000000000000e+02,1.000000000000000000e+02,3.701399999999999864e+02,3.519299999999999500e+02
5.850000000000000000e+02,1.000000000000000000e+02,1.000000000000000000e+02,3.701399999999999864e+02,3.517999999999999545e+02
5.860000000000000000e+02,1.000000000000000000e+02,1.000000000000000000e+02,3.701999999999999886e+02,3.516699999999999591e+02
5.870000000000000000e+02,1.000000000000000000e+02,1.000000000000000000e+02,3.704299999999999500e+02,3.516999999999999886e+02
5.880000000000000000e+02,1.000000000000000000e+02,1.000000000000000000e+02,3.704299999999999500e+02,3.522199999999999704e+02
5.890000000000000000e+02,1.000000000000000000e+02,1.000000000000000000e+02,3.704599999999999795e+02,3.523799999999999955e+02
5.900000000000000000e+02,1.000000000000000000e+02,1.000000000000000000e+02,3.707500000000000000e+02,3.523799999999999955e+02
5.910000000000000000e+02,1.000000000000000000e+02,1.000000000000000000e+02,3.707500000000000000e+02,3.521200000000000045e+02
5.920000000000000000e+02,1.000000000000000000e+02,1.000000000000000000e+02,3.707500000000000000e+02,3.522500000000000000e+02
5.930000000000000000e+02,1.000000000000000000e+02,1.000000000000000000e+02,3.707500000000000000e+02,3.525099999999999909e+02
5.940000000000000000e+02,1.000000000000000000e+02,1.000000000000000000e+02,3.709399999999999977e+02,3.526699999999999591e+02
5.950000000000000000e+02,1.000000000000000000e+02,1.000000000000000000e+02,3.710699999999999932e+02,3.526999999999999886e+02
5.960000000000000000e+02,1.000000000000000000e+02,1.000000000000000000e+02,3.710699999999999932e+02,3.523099999999999454e+02
5.970000000000000000e+02,1.000000000000000000e+02,1.000000000000000000e+02,3.710699999999999932e+02,3.524399999999999977e+02
5.980000000000000000e+02,1.000000000000000000e+02,1.000000000000000000e+02,3.712599999999999909e+02,3.528899999999999864e+02
5.990000000000000000e+02,1.000000000000000000e+02,1.000000000000000000e+02,3.713899999999999864e+02,3.530199999999999818e+02
6.000000000000000000e+02,1.000000000000000000e+02,1.000000000000000000e+02,3.713899999999999864e+02,3.527699999999999818e+02
