Time (sec), Heater 1 (%), Heater 2 (%), Temperature 1 (degC), Temperature 2 (degC)
0.000000000000000000e+00,0.000000000000000000e+00,0.000000000000000000e+00,2.933999999999999773e+02,2.939199999999999591e+02
1.000000000000000000e+00,5.000000000000000000e+01,2.000000000000000000e+01,2.933999999999999773e+02,2.938599999999999568e+02
2.000000000000000000e+00,5.000000000000000000e+01,2.000000000000000000e+01,2.933999999999999773e+02,2.939199999999999591e+02
3.000000000000000000e+00,5.000000000000000000e+01,2.000000000000000000e+01,2.933999999999999773e+02,2.940799999999999841e+02
4.000000000000000000e+00,5.000000000000000000e+01,2.000000000000000000e+01,2.933999999999999773e+02,2.939499999999999886e+02
5.000000000000000000e+00,5.000000000000000000e+01,2.000000000000000000e+01,2.933999999999999773e+02,2.939499999999999886e+02
6.000000000000000000e+00,5.000000000000000000e+01,2.000000000000000000e+01,2.933999999999999773e+02,2.939499999999999886e+02
7.000000000000000000e+00,5.000000000000000000e+01,2.000000000000000000e+01,2.933999999999999773e+02,2.940499999999999545e+02
8.000000000000000000e+00,5.000000000000000000e+01,2.000000000000000000e+01,2.933999999999999773e+02,2.940499999999999545e+02
9.000000000000000000e+00,5.000000000000000000e+01,2.000000000000000000e+01,2.933999999999999773e+02,2.940799999999999841e+02
1.000000000000000000e+01,5.000000000000000000e+01,2.000000000000000000e+01,2.935999999999999659e+02,2.940499999999999545e+02
1.100000000000000000e+01,5.000000000000000000e+01,2.000000000000000000e+01,2.937299999999999613e+02,2.941099999999999568e+02
1.200000000000000000e+01,5.000000000000000000e+01,2.000000000000000000e+01,2.937299999999999613e+02,2.941099999999999568e+02
1.300000000000000000e+01,5.000000000000000000e+01,2.000000000000000000e+01,2.937299999999999613e+02,2.941099999999999568e+02
1.400000000000000000e+01,5.000000000000000000e+01,2.000000000000000000e+01,2.939499999999999886e+02,2.941099999999999568e+02
1.500000000000000000e+01,5.000000000000000000e+01,2.000000000000000000e+01,2.940499999999999545e+02,2.940499999999999545e+02
1.600000000000000000e+01,5.000000000000000000e+01,2.000000000000000000e+01,2.940499999999999545e+02,2.940499999999999545e+02
1.700000000000000000e+01,5.000000000000000000e+01,2.000000000000000000e+01,2.942099999999999795e+02,2.941499999999999773e+02
1.800000000000000000e+01,5.000000000000000000e+01,2.000000000000000000e+01,2.943700000000000045e+02,2.941499999999999773e+02
1.900000000000000000e+01,5.000000000000000000e+01,2.000000000000000000e+01,2.943999999999999773e+02,2.941799999999999500e+02
2.000000000000000000e+01,5.000000000000000000e+01,2.000000000000000000e+01,2.946899999999999977e+02,2.942099999999999795e+02
2.100000000000000000e+01,5.000000000000000000e+01,2.000000000000000000e+01,2.946899999999999977e+02,2.942699999999999818e+02
2.200000000000000000e+01,5.000000000000000000e+01,2.000000000000000000e+01,2.949199999999999591e+02,2.943700000000000045e+02
2.300000000000000000e+01,5.000000000000000000e+01,2.000000000000000000e+01,2.950199999999999818e+02,2.944399999999999977e+02
2.400000000000000000e+01,5.000000000000000000e+01,2.000000000000000000e+01,2.951799999999999500e+02,2.944399999999999977e+02
2.500000000000000000e+01,5.000000000000000000e+01,2.000000000000000000e+01,2.953399999999999750e+02,2.944699999999999704e+02
2.600000000000000000e+01,5.000000000000000000e+01,2.000000000000000000e+01,2.955600000000000023e+02,2.944399999999999977e+02
2.700000000000000000e+01,5.000000000000000000e+01,2.000000000000000000e+01,2.956599999999999682e+02,2.943700000000000045e+02
2.800000000000000000e+01,5.000000000000000000e+01,2.000000000000000000e+01,2.958499999999999659e+02,2.945000000000000000e+02
2.900000000000000000e+01,5.000000000000000000e+01,2.000000000000000000e+01,2.959799999999999613e+02,2.945600000000000023e+02
3.000000000000000000e+01,5.000000000000000000e+01,2.000000000000000000e+01,2.962699999999999818e+02,2.946899999999999977e+02
3.100000000000000000e+01,5.000000000000000000e+01,2.000000000000000000e+01,2.963399999999999750e+02,2.947599999999999909e+02
3.200000000000000000e+01,5.000000000000000000e+01,2.000000000000000000e+01,2.966299999999999955e+02,2.947599999999999909e+02
3.300000000000000000e+01,5.000000000000000000e+01,2.000000000000000000e+01,2.967199999999999704e+02,2.946899999999999977e+02
3.400000000000000000e+01,5.000000000000000000e+01,2.000000000000000000e+01,2.969499999999999886e+02,2.947599999999999909e+02
3.500000000000000000e+01,5.000000000000000000e+01,2.000000000000000000e+01,2.971399999999999864e+02,2.948499999999999659e+02
3.600000000000000000e+01,5.000000000000000000e+01,2.000000000000000000e+01,2.972699999999999818e+02,2.950499999999999545e+02
3.700000000000000000e+01,5.000000000000000000e+01,2.000000000000000000e+01,2.975600000000000023e+02,2.950799999999999841e+02
3.800000000000000000e+01,5.000000000000000000e+01,2.000000000000000000e+01,2.975899999999999750e+02,2.950199999999999818e+02
3.900000000000000000e+01,5.000000000000000000e+01,2.000000000000000000e+01,2.979199999999999591e+02,2.950799999999999841e+02
4.000000000000000000e+01,5.000000000000000000e+01,2.000000000000000000e+01,2.981399999999999864e+02,2.951099999999999568e+02
4.100000000000000000e+01,5.000000000000000000e+01,2.000000000000000000e+01,2.982399999999999523e+02,2.951799999999999500e+02
4.200000000000000000e+01,5.000000000000000000e+01,2.000000000000000000e+01,2.985299999999999727e+02,2.952399999999999523e+02
4.300000000000000000e+01,5.000000000000000000e+01,2.000000000000000000e+01,2.985899999999999750e+02,2.953100000000000023e+02
4.400000000000000000e+01,5.000000000000000000e+01,2.000000000000000000e+01,2.988799999999999955e+02,2.953399999999999750e+02
4.500000000000000000e+01,5.000000000000000000e+01,2.000000000000000000e+01,2.990399999999999636e+02,2.953999999999999773e+02
4.600000000000000000e+01,5.000000000000000000e+01,2.000000000000000000e+01,2.991999999999999886e+02,2.954299999999999500e+02
4.700000000000000000e+01,5.000000000000000000e+01,2.000000000000000000e+01,2.995299999999999727e+02,2.955000000000000000e+02
4.800000000000000000e+01,5.000000000000000000e+01,2.000000000000000000e+01,2.995899999999999750e+02,2.956599999999999682e+02
4.900000000000000000e+01,5.000000000000000000e+01,2.000000000000000000e+01,2.998499999999999659e+02,2.957199999999999704e+02
5.000000000000000000e+01,5.000000000000000000e+01,2.000000000000000000e+01,3.001399999999999864e+02,2.956599999999999682e+02
5.100000000000000000e+01,5.000000000000000000e+01,2.000000000000000000e+01,3.001699999999999591e+02,2.957199999999999704e+02
5.200000000000000000e+01,5.000000000000000000e+01,2.000000000000000000e+01,3.004899999999999523e+02,2.957899999999999636e+02
5.300000000000000000e+01,5.000000000000000000e+01,2.000000000000000000e+01,3.005600000000000023e+02,2.958499999999999659e+02
5.400000000000000000e+01,5.000000000000000000e+01,2.000000000000000000e+01,3.008199999999999932e+02,2.959499999999999886e+02
5.500000000000000000e+01,5.000000000000000000e+01,2.000000000000000000e+01,3.011399999999999864e+02,2.959799999999999613e+02
5.600000000000000000e+01,5.000000000000000000e+01,2.000000000000000000e+01,3.011399999999999864e+02,2.960499999999999545e+02
5.700000000000000000e+01,5.000000000000000000e+01,2.000000000000000000e+01,3.014599999999999795e+02,2.961099999999999568e+02
5.800000000000000000e+01,5.000000000000000000e+01,2.000000000000000000e+01,3.017199999999999704e+02,2.960799999999999841e+02
5.900000000000000000e+01,5.000000000000000000e+01,2.000000000000000000e+01,3.017799999999999727e+02,2.963700000000000045e+02
6.000000000000000000e+01,5.000000000000000000e+01,2.000000000000000000e+01,3.021099999999999568e+02,2.963700000000000045e+02
6.100000000000000000e+01,5.000000000000000000e+01,8.000000000000000000e+01,3.021399999999999864e+02,2.963999999999999773e+02
6.200000000000000000e+01,5.000000000000000000e+01,8.000000000000000000e+01,3.024299999999999500e+02,2.966899999999999977e+02
6.300000000000000000e+01,5.000000000000000000e+01,8.000000000000000000e+01,3.026200000000000045e+02,2.968199999999999932e+02
6.400000000000000000e+01,5.000000000000000000e+01,8.000000000000000000e+01,3.027500000000000000e+02,2.967899999999999636e+02
6.500000000000000000e+01,5.000000000000000000e+01,8.000000000000000000e+01,3.030699999999999932e+02,2.968199999999999932e+02
6.600000000000000000e+01,5.000000000000000000e+01,8.000000000000000000e+01,3.032299999999999613e+02,2.968199999999999932e+02
6.700000000000000000e+01,5.000000000000000000e+01,8.000000000000000000e+01,3.033899999999999864e+02,2.971699999999999591e+02
6.800000000000000000e+01,5.000000000000000000e+01,8.000000000000000000e+01,3.035899999999999750e+02,2.972099999999999795e+02
6.900000000000000000e+01,5.000000000000000000e+01,8.000000000000000000e+01,3.037199999999999704e+02,2.972399999999999523e+02
7.000000000000000000e+01,5.000000000000000000e+01,8.000000000000000000e+01,3.040399999999999636e+02,2.973999999999999773e+02
7.100000000000000000e+01,5.000000000000000000e+01,8.000000000000000000e+01,3.040399999999999636e+02,2.973399999999999750e+02
7.200000000000000000e+01,5.000000000000000000e+01,8.000000000000000000e+01,3.043599999999999568e+02,2.974599999999999795e+02
7.300000000000000000e+01,5.000000000000000000e+01,8.000000000000000000e+01,3.045499999999999545e+02,2.977899999999999636e+02
7.400000000000000000e+01,5.000000000000000000e+01,8.000000000000000000e+01,3.046799999999999500e+02,2.979199999999999591e+02
7.500000000000000000e+01,5.000000000000000000e+01,8.000000000000000000e+01,3.050099999999999909e+02,2.979499999999999886e+02
7.600000000000000000e+01,5.000000000000000000e+01,8.000000000000000000e+01,3.050099999999999909e+02,2.981099999999999568e+02
7.700000000000000000e+01,5.000000000000000000e+01,8.000000000000000000e+01,3.053299999999999841e+02,2.980099999999999909e+02
7.800000000000000000e+01,5.000000000000000000e+01,8.000000000000000000e+01,3.056499999999999773e+02,2.984299999999999500e+02
7.900000000000000000e+01,5.000000000000000000e+01,8.000000000000000000e+01,3.056499999999999773e+02,2.985299999999999727e+02
8.000000000000000000e+01,5.000000000000000000e+01,8.000000000000000000e+01,3.059399999999999977e+02,2.988199999999999932e+02
8.100000000000000000e+01,5.000000000000000000e+01,8.000000000000000000e+01,3.060000000000000000e+02,2.989499999999999886e+02
8.200000000000000000e+01,5.000000000000000000e+01,8.000000000000000000e+01,3.062899999999999636e+02,2.990799999999999841e+02
8.300000000000000000e+01,5.000000000000000000e+01,8.000000000000000000e+01,3.063599999999999568e+02,2.992699999999999818e+02
8.400000000000000000e+01,5.000000000000000000e+01,8.000000000000000000e+01,3.066200000000000045e+02,2.994299999999999500e+02
8.500000000000000000e+01,5.000000000000000000e+01,8.000000000000000000e+01,3.068099999999999454e+02,2.995600000000000023e+02
8.600000000000000000e+01,5.000000000000000000e+01,8.000000000000000000e+01,3.069399999999999977e+02,2.997199999999999704e+02
8.700000000000000000e+01,5.000000000000000000e+01,8.000000000000000000e+01,3.072299999999999613e+02,2.999099999999999682e+02
8.800000000000000000e+01,5.000000000000000000e+01,8.000000000000000000e+01,3.072899999999999636e+02,2.999799999999999613e+02
8.900000000000000000e+01,5.000000000000000000e+01,8.000000000000000000e+01,3.075799999999999841e+02,3.000399999999999636e+02
9.000000000000000000e+01,5.000000000000000000e+01,8.000000000000000000e+01,3.077099999999999795e+02,3.004599999999999795e+02
9.100000000000000000e+01,5.000000000000000000e+01,8.000000000000000000e+01,3.079099999999999682e+02,3.005299999999999727e+02
9.200000000000000000e+01,5.000000000000000000e+01,8.000000000000000000e+01,3.081299999999999955e+02,3.007799999999999727e+02
9.300000000000000000e+01,5.000000000000000000e+01,8.000000000000000000e+01,3.082299999999999613e+02,3.009099999999999682e+02
9.400000000000000000e+01,5.000000000000000000e+01,8.000000000000000000e+01,3.085199999999999818e+02,3.009099999999999682e+02
9.500000000000000000e+01,5.000000000000000000e+01,8.000000000000000000e+01,3.085499999999999545e+02,3.012299999999999613e+02
9.600000000000000000e+01,5.000000000000000000e+01,8.000000000000000000e+01,3.088700000000000045e+02,3.015199999999999818e+02
9.700000000000000000e+01,5.000000000000000000e+01,8.000000000000000000e+01,3.088999999999999773e+02,3.016899999999999977e+02
9.800000000000000000e+01,5.000000000000000000e+01,8.000000000000000000e+01,3.091899999999999977e+02,3.018499999999999659e+02
9.900000000000000000e+01,5.000000000000000000e+01,8.000000000000000000e+01,3.092299999999999613e+02,3.020699999999999932e+02
1.000000000000000000e+02,5.000000000000000000e+01,8.000000000000000000e+01,3.095199999999999818e+02,3.020699999999999932e+02
1.010000000000000000e+02,5.000000000000000000e+01,8.000000000000000000e+01,3.095499999999999545e+02,3.022699999999999818e+02
1.020000000000000000e+02,5.000000000000000000e+01,8.000000000000000000e+01,3.098399999999999750e+02,3.026899999999999977e+02
1.030000000000000000e+02,5.000000000000000000e+01,8.000000000000000000e+01,3.100999999999999659e+02,3.027199999999999704e+02
1.040000000000000000e+02,5.000000000000000000e+01,8.000000000000000000e+01,3.101599999999999682e+02,3.030099999999999909e+02
1.050000000000000000e+02,5.000000000000000000e+01,8.000000000000000000e+01,3.104199999999999591e+02,3.031399999999999864e+02
1.060000000000000000e+02,5.000000000000000000e+01,8.000000000000000000e+01,3.104799999999999613e+02,3.032299999999999613e+02
1.070000000000000000e+02,5.000000000000000000e+01,8.000000000000000000e+01,3.107699999999999818e+02,3.035600000000000023e+02
1.080000000000000000e+02,5.000000000000000000e+01,8.000000000000000000e+01,3.108099999999999454e+02,3.037799999999999727e+02
1.090000000000000000e+02,5.000000000000000000e+01,8.000000000000000000e+01,3.111299999999999955e+02,3.040399999999999636e+02
1.100000000000000000e+02,5.000000000000000000e+01,8.000000000000000000e+01,3.111299999999999955e+02,3.042299999999999613e+02
1.110000000000000000e+02,5.000000000000000000e+01,8.000000000000000000e+01,3.114199999999999591e+02,3.043299999999999841e+02
1.120000000000000000e+02,5.000000000000000000e+01,8.000000000000000000e+01,3.114799999999999613e+02,3.044299999999999500e+02
1.130000000000000000e+02,5.000000000000000000e+01,8.000000000000000000e+01,3.117699999999999818e+02,3.046499999999999773e+02
1.140000000000000000e+02,5.000000000000000000e+01,8.000000000000000000e+01,3.118099999999999454e+02,3.050699999999999932e+02
1.150000000000000000e+02,5.000000000000000000e+01,8.000000000000000000e+01,3.120999999999999659e+02,3.050999999999999659e+02
1.160000000000000000e+02,5.000000000000000000e+01,8.000000000000000000e+01,3.122199999999999704e+02,3.053899999999999864e+02
1.170000000000000000e+02,5.000000000000000000e+01,8.000000000000000000e+01,3.124199999999999591e+02,3.052599999999999909e+02
1.180000000000000000e+02,5.000000000000000000e+01,8.000000000000000000e+01,3.125099999999999909e+02,3.055199999999999818e+02
1.190000000000000000e+02,5.000000000000000000e+01,8.000000000000000000e+01,3.127400000000000091e+02,3.058799999999999955e+02
1.200000000000000000e+02,5.000000000000000000e+01,8.000000000000000000e+01,3.127999999999999545e+02,3.058799999999999955e+02
1.210000000000000000e+02,1.000000000000000000e+02,8.000000000000000000e+01,3.130599999999999454e+02,3.063599999999999568e+02
1.220000000000000000e+02,1.000000000000000000e+02,8.000000000000000000e+01,3.131899999999999977e+02,3.062899999999999636e+02
1.230000000000000000e+02,1.000000000000000000e+02,8.000000000000000000e+01,3.133799999999999955e+02,3.066799999999999500e+02
1.240000000000000000e+02,1.000000000000000000e+02,8.000000000000000000e+01,3.134799999999999613e+02,3.068099999999999454e+02
1.250000000000000000e+02,1.000000000000000000e+02,8.000000000000000000e+01,3.137099999999999795e+02,3.068099999999999454e+02
1.260000000000000000e+02,1.000000000000000000e+02,8.000000000000000000e+01,3.138700000000000045e+02,3.072599999999999909e+02
1.270000000000000000e+02,1.000000000000000000e+02,8.000000000000000000e+01,3.140599999999999454e+02,3.073299999999999841e+02
1.280000000000000000e+02,1.000000000000000000e+02,8.000000000000000000e+01,3.143499999999999659e+02,3.076499999999999773e+02
1.290000000000000000e+02,1.000000000000000000e+02,8.000000000000000000e+01,3.143499999999999659e+02,3.076499999999999773e+02
1.300000000000000000e+02,1.000000000000000000e+02,8.000000000000000000e+01,3.146699999999999591e+02,3.079699999999999704e+02
1.310000000000000000e+02,1.000000000000000000e+02,8.000000000000000000e+01,3.148700000000000045e+02,3.079099999999999682e+02
1.320000000000000000e+02,1.000000000000000000e+02,8.000000000000000000e+01,3.150000000000000000e+02,3.082899999999999636e+02
1.330000000000000000e+02,1.000000000000000000e+02,8.000000000000000000e+01,3.153499999999999659e+02,3.083899999999999864e+02
1.340000000000000000e+02,1.000000000000000000e+02,8.000000000000000000e+01,3.156399999999999864e+02,3.085199999999999818e+02
1.350000000000000000e+02,1.000000000000000000e+02,8.000000000000000000e+01,3.158999999999999773e+02,3.088399999999999750e+02
1.360000000000000000e+02,1.000000000000000000e+02,8.000000000000000000e+01,3.160299999999999727e+02,3.088399999999999750e+02
1.370000000000000000e+02,1.000000000000000000e+02,8.000000000000000000e+01,3.162799999999999727e+02,3.090699999999999932e+02
1.380000000000000000e+02,1.000000000000000000e+02,8.000000000000000000e+01,3.166099999999999568e+02,3.093199999999999932e+02
1.390000000000000000e+02,1.000000000000000000e+02,8.000000000000000000e+01,3.169299999999999500e+02,3.095799999999999841e+02
1.400000000000000000e+02,1.000000000000000000e+02,8.000000000000000000e+01,3.172500000000000000e+02,3.096799999999999500e+02
1.410000000000000000e+02,1.000000000000000000e+02,8.000000000000000000e+01,3.175699999999999932e+02,3.098999999999999773e+02
1.420000000000000000e+02,1.000000000000000000e+02,8.000000000000000000e+01,3.178599999999999568e+02,3.099699999999999704e+02
1.430000000000000000e+02,1.000000000000000000e+02,8.000000000000000000e+01,3.181499999999999773e+02,3.100299999999999727e+02
1.440000000000000000e+02,1.000000000000000000e+02,8.000000000000000000e+01,3.184399999999999977e+02,3.102899999999999636e+02
1.450000000000000000e+02,1.000000000000000000e+02,8.000000000000000000e+01,3.186699999999999591e+02,3.105499999999999545e+02
1.460000000000000000e+02,1.000000000000000000e+02,8.000000000000000000e+01,3.190199999999999818e+02,3.108700000000000045e+02
1.470000000000000000e+02,1.000000000000000000e+02,8.000000000000000000e+01,3.193499999999999659e+02,3.108399999999999750e+02
1.480000000000000000e+02,1.000000000000000000e+02,8.000000000000000000e+01,3.196399999999999864e+02,3.111899999999999977e+02
1.490000000000000000e+02,1.000000000000000000e+02,8.000000000000000000e+01,3.199299999999999500e+02,3.112599999999999909e+02
1.500000000000000000e+02,1.000000000000000000e+02,8.000000000000000000e+01,3.203099999999999454e+02,3.112899999999999636e+02
1.510000000000000000e+02,1.000000000000000000e+02,8.000000000000000000e+01,3.206699999999999591e+02,3.116099999999999568e+02
1.520000000000000000e+02,1.000000000000000000e+02,8.000000000000000000e+01,3.210199999999999818e+02,3.118399999999999750e+02
1.530000000000000000e+02,1.000000000000000000e+02,8.000000000000000000e+01,3.212199999999999704e+02,3.120000000000000000e+02
1.540000000000000000e+02,1.000000000000000000e+02,8.000000000000000000e+01,3.215999999999999659e+02,3.121599999999999682e+02
1.550000000000000000e+02,1.000000000000000000e+02,8.000000000000000000e+01,3.218599999999999568e+02,3.121599999999999682e+02
1.560000000000000000e+02,1.000000000000000000e+02,8.000000000000000000e+01,3.222799999999999727e+02,3.123199999999999932e+02
1.570000000000000000e+02,1.000000000000000000e+02,8.000000000000000000e+01,3.226699999999999591e+02,3.127999999999999545e+02
1.580000000000000000e+02,1.000000000000000000e+02,8.000000000000000000e+01,3.230499999999999545e+02,3.127999999999999545e+02
1.590000000000000000e+02,1.000000000000000000e+02,8.000000000000000000e+01,3.233099999999999454e+02,3.130299999999999727e+02
1.600000000000000000e+02,1.000000000000000000e+02,8.000000000000000000e+01,3.236999999999999886e+02,3.131599999999999682e+02
1.610000000000000000e+02,1.000000000000000000e+02,8.000000000000000000e+01,3.240199999999999818e+02,3.132599999999999909e+02
1.620000000000000000e+02,1.000000000000000000e+02,8.000000000000000000e+01,3.243399999999999750e+02,3.134499999999999886e+02
1.630000000000000000e+02,1.000000000000000000e+02,8.000000000000000000e+01,3.246599999999999682e+02,3.137699999999999818e+02
1.640000000000000000e+02,1.000000000000000000e+02,8.000000000000000000e+01,3.249900000000000091e+02,3.140299999999999727e+02
1.650000000000000000e+02,1.000000000000000000e+02,8.000000000000000000e+01,3.253099999999999454e+02,3.141599999999999682e+02
1.660000000000000000e+02,1.000000000000000000e+02,8.000000000000000000e+01,3.256299999999999955e+02,3.144199999999999591e+02
1.670000000000000000e+02,1.000000000000000000e+02,8.000000000000000000e+01,3.259499999999999886e+02,3.142500000000000000e+02
1.680000000000000000e+02,1.000000000000000000e+02,8.000000000000000000e+01,3.262799999999999727e+02,3.145399999999999636e+02
1.690000000000000000e+02,1.000000000000000000e+02,8.000000000000000000e+01,3.265999999999999659e+02,3.147099999999999795e+02
1.700000000000000000e+02,1.000000000000000000e+02,8.000000000000000000e+01,3.269499999999999886e+02,3.150599999999999454e+02
1.710000000000000000e+02,1.000000000000000000e+02,8.000000000000000000e+01,3.272699999999999818e+02,3.151899999999999977e+02
1.720000000000000000e+02,1.000000000000000000e+02,8.000000000000000000e+01,3.275599999999999454e+02,3.153799999999999955e+02
1.730000000000000000e+02,1.000000000000000000e+02,8.000000000000000000e+01,3.279199999999999591e+02,3.152899999999999636e+02
1.740000000000000000e+02,1.000000000000000000e+02,8.000000000000000000e+01,3.282099999999999795e+02,3.156099999999999568e+02
1.750000000000000000e+02,1.000000000000000000e+02,8.000000000000000000e+01,3.285299999999999727e+02,3.159900000000000091e+02
1.760000000000000000e+02,1.000000000000000000e+02,8.000000000000000000e+01,3.288499999999999659e+02,3.159299999999999500e+02
1.770000000000000000e+02,1.000000000000000000e+02,8.000000000000000000e+01,3.292400000000000091e+02,3.162500000000000000e+02
1.780000000000000000e+02,1.000000000000000000e+02,8.000000000000000000e+01,3.295899999999999750e+02,3.162500000000000000e+02
1.790000000000000000e+02,1.000000000000000000e+02,8.000000000000000000e+01,3.298799999999999955e+02,3.163799999999999955e+02
1.800000000000000000e+02,1.000000000000000000e+02,8.000000000000000000e+01,3.301699999999999591e+02,3.165699999999999932e+02
1.810000000000000000e+02,1.000000000000000000e+02,0.000000000000000000e+00,3.305899999999999750e+02,3.169900000000000091e+02
1.820000000000000000e+02,1.000000000000000000e+02,0.000000000000000000e+00,3.307899999999999636e+02,3.166099999999999568e+02
1.830000000000000000e+02,1.000000000000000000e+02,0.000000000000000000e+00,3.311399999999999864e+02,3.169299999999999500e+02
1.840000000000000000e+02,1.000000000000000000e+02,0.000000000000000000e+00,3.314599999999999795e+02,3.169900000000000091e+02
1.850000000000000000e+02,1.000000000000000000e+02,0.000000000000000000e+00,3.317500000000000000e+02,3.172500000000000000e+02
1.860000000000000000e+02,1.000000000000000000e+02,0.000000000000000000e+00,3.320799999999999841e+02,3.173199999999999932e+02
1.870000000000000000e+02,1.000000000000000000e+02,0.000000000000000000e+00,3.323999999999999773e+02,3.175699999999999932e+02
1.880000000000000000e+02,1.000000000000000000e+02,0.000000000000000000e+00,3.327199999999999704e+02,3.175699999999999932e+02
1.890000000000000000e+02,1.000000000000000000e+02,0.000000000000000000e+00,3.330399999999999636e+02,3.178599999999999568e+02
1.900000000000000000e+02,1.000000000000000000e+02,0.000000000000000000e+00,3.333599999999999568e+02,3.178999999999999773e+02
1.910000000000000000e+02,1.000000000000000000e+02,0.000000000000000000e+00,3.336899999999999977e+02,3.179599999999999795e+02
1.920000000000000000e+02,1.000000000000000000e+02,0.000000000000000000e+00,3.340099999999999909e+02,3.181899999999999977e+02
1.930000000000000000e+02,1.000000000000000000e+02,0.000000000000000000e+00,3.343299999999999841e+02,3.182199999999999704e+02
1.940000000000000000e+02,1.000000000000000000e+02,0.000000000000000000e+00,3.346499999999999773e+02,3.182500000000000000e+02
1.950000000000000000e+02,1.000000000000000000e+02,0.000000000000000000e+00,3.349399999999999977e+02,3.185099999999999909e+02
1.960000000000000000e+02,1.000000000000000000e+02,0.000000000000000000e+00,3.352699999999999818e+02,3.185399999999999636e+02
1.970000000000000000e+02,1.000000000000000000e+02,0.000000000000000000e+00,3.353599999999999568e+02,3.185399999999999636e+02
1.980000000000000000e+02,1.000000000000000000e+02,0.000000000000000000e+00,3.356499999999999773e+02,3.186399999999999864e+02
1.990000000000000000e+02,1.000000000000000000e+02,0.000000000000000000e+00,3.359399999999999977e+02,3.188299999999999841e+02
2.000000000000000000e+02,1.000000000000000000e+02,0.000000000000000000e+00,3.362699999999999818e+02,3.188599999999999568e+02
2.010000000000000000e+02,1.000000000000000000e+02,0.000000000000000000e+00,3.365899999999999750e+02,3.188599999999999568e+02
2.020000000000000000e+02,1.000000000000000000e+02,0.000000000000000000e+00,3.369099999999999682e+02,3.188599999999999568e+02
2.030000000000000000e+02,1.000000000000000000e+02,0.000000000000000000e+00,3.372299999999999613e+02,3.188599999999999568e+02
2.040000000000000000e+02,1.000000000000000000e+02,0.000000000000000000e+00,3.375499999999999545e+02,3.188999999999999773e+02
2.050000000000000000e+02,1.000000000000000000e+02,0.000000000000000000e+00,3.377799999999999727e+02,3.188999999999999773e+02
2.060000000000000000e+02,1.000000000000000000e+02,0.000000000000000000e+00,3.380399999999999636e+02,3.190899999999999750e+02
2.070000000000000000e+02,1.000000000000000000e+02,0.000000000000000000e+00,3.381999999999999886e+02,3.190899999999999750e+02
2.080000000000000000e+02,1.000000000000000000e+02,0.000000000000000000e+00,3.385199999999999818e+02,3.191499999999999773e+02
2.090000000000000000e+02,1.000000000000000000e+02,0.000000000000000000e+00,3.388399999999999750e+02,3.191899999999999977e+02
2.100000000000000000e+02,1.000000000000000000e+02,0.000000000000000000e+00,3.391699999999999591e+02,3.191899999999999977e+02
2.110000000000000000e+02,1.000000000000000000e+02,0.000000000000000000e+00,3.393599999999999568e+02,3.191899999999999977e+02
2.120000000000000000e+02,1.000000000000000000e+02,0.000000000000000000e+00,3.395799999999999841e+02,3.191899999999999977e+02
2.130000000000000000e+02,1.000000000000000000e+02,0.000000000000000000e+00,3.398099999999999454e+02,3.191899999999999977e+02
2.140000000000000000e+02,1.000000000000000000e+02,0.000000000000000000e+00,3.401299999999999955e+02,3.191899999999999977e+02
2.150000000000000000e+02,1.000000000000000000e+02,0.000000000000000000e+00,3.404499999999999886e+02,3.191899999999999977e+02
2.160000000000000000e+02,1.000000000000000000e+02,0.000000000000000000e+00,3.407099999999999795e+02,3.191899999999999977e+02
2.170000000000000000e+02,1.000000000000000000e+02,0.000000000000000000e+00,3.408099999999999454e+02,3.192199999999999704e+02
2.180000000000000000e+02,1.000000000000000000e+02,0.000000000000000000e+00,3.410999999999999659e+02,3.191899999999999977e+02
2.190000000000000000e+02,1.000000000000000000e+02,0.000000000000000000e+00,3.414199999999999591e+02,3.191899999999999977e+02
2.200000000000000000e+02,1.000000000000000000e+02,0.000000000000000000e+00,3.417400000000000091e+02,3.192199999999999704e+02
2.210000000000000000e+02,1.000000000000000000e+02,0.000000000000000000e+00,3.417400000000000091e+02,3.192199999999999704e+02
2.220000000000000000e+02,1.000000000000000000e+02,0.000000000000000000e+00,3.420699999999999932e+02,3.191899999999999977e+02
2.230000000000000000e+02,1.000000000000000000e+02,0.000000000000000000e+00,3.423899999999999864e+02,3.192500000000000000e+02
2.240000000000000000e+02,1.000000000000000000e+02,0.000000000000000000e+00,3.426099999999999568e+02,3.192199999999999704e+02
2.250000000000000000e+02,1.000000000000000000e+02,0.000000000000000000e+00,3.427400000000000091e+02,3.191899999999999977e+02
2.260000000000000000e+02,1.000000000000000000e+02,0.000000000000000000e+00,3.430299999999999727e+02,3.193099999999999454e+02
2.270000000000000000e+02,1.000000000000000000e+02,0.000000000000000000e+00,3.433599999999999568e+02,3.192799999999999727e+02
2.280000000000000000e+02,1.000000000000000000e+02,0.000000000000000000e+00,3.435799999999999841e+02,3.193499999999999659e+02
2.290000000000000000e+02,1.000000000000000000e+02,0.000000000000000000e+00,3.436799999999999500e+02,3.192500000000000000e+02
2.300000000000000000e+02,1.000000000000000000e+02,0.000000000000000000e+00,3.440000000000000000e+02,3.192799999999999727e+02
2.310000000000000000e+02,1.000000000000000000e+02,0.000000000000000000e+00,3.441599999999999682e+02,3.193099999999999454e+02
2.320000000000000000e+02,1.000000000000000000e+02,0.000000000000000000e+00,3.443199999999999932e+02,3.193099999999999454e+02
2.330000000000000000e+02,1.000000000000000000e+02,0.000000000000000000e+00,3.446399999999999864e+02,3.192199999999999704e+02
2.340000000000000000e+02,1.000000000000000000e+02,0.000000000000000000e+00,3.449299999999999500e+02,3.193099999999999454e+02
2.350000000000000000e+02,1.000000000000000000e+02,0.000000000000000000e+00,3.449699999999999704e+02,3.193099999999999454e+02
2.360000000000000000e+02,1.000000000000000000e+02,0.000000000000000000e+00,3.452899999999999636e+02,3.193499999999999659e+02
2.370000000000000000e+02,1.000000000000000000e+02,0.000000000000000000e+00,3.455799999999999841e+02,3.192500000000000000e+02
2.380000000000000000e+02,1.000000000000000000e+02,0.000000000000000000e+00,3.457099999999999795e+02,3.193099999999999454e+02
2.390000000000000000e+02,1.000000000000000000e+02,0.000000000000000000e+00,3.459299999999999500e+02,3.193799999999999955e+02
2.400000000000000000e+02,1.000000000000000000e+02,0.000000000000000000e+00,3.462199999999999704e+02,3.192799999999999727e+02
2.410000000000000000e+02,2.000000000000000000e+01,0.000000000000000000e+00,3.463199999999999932e+02,3.192500000000000000e+02
2.420000000000000000e+02,2.000000000000000000e+01,0.000000000000000000e+00,3.465799999999999841e+02,3.193499999999999659e+02
2.430000000000000000e+02,2.000000000000000000e+01,0.000000000000000000e+00,3.467400000000000091e+02,3.192199999999999704e+02
2.440000000000000000e+02,2.000000000000000000e+01,0.000000000000000000e+00,3.468999999999999773e+02,3.192500000000000000e+02
2.450000000000000000e+02,2.000000000000000000e+01,0.000000000000000000e+00,3.471299999999999955e+02,3.191899999999999977e+02
2.460000000000000000e+02,2.000000000000000000e+01,0.000000000000000000e+00,3.472500000000000000e+02,3.192199999999999704e+02
2.470000000000000000e+02,2.000000000000000000e+01,0.000000000000000000e+00,3.475399999999999636e+02,3.192199999999999704e+02
2.480000000000000000e+02,2.000000000000000000e+01,0.000000000000000000e+00,3.475399999999999636e+02,3.192199999999999704e+02
2.490000000000000000e+02,2.000000000000000000e+01,0.000000000000000000e+00,3.478700000000000045e+02,3.192199999999999704e+02
2.500000000000000000e+02,2.000000000000000000e+01,0.000000000000000000e+00,3.478700000000000045e+02,3.192799999999999727e+02
2.510000000000000000e+02,2.000000000000000000e+01,0.000000000000000000e+00,3.480000000000000000e+02,3.193499999999999659e+02
2.520000000000000000e+02,2.000000000000000000e+01,0.000000000000000000e+00,3.481899999999999977e+02,3.191899999999999977e+02
2.530000000000000000e+02,2.000000000000000000e+01,0.000000000000000000e+00,3.481899999999999977e+02,3.192199999999999704e+02
2.540000000000000000e+02,2.000000000000000000e+01,0.000000000000000000e+00,3.481899999999999977e+02,3.192500000000000000e+02
2.550000000000000000e+02,2.000000000000000000e+01,0.000000000000000000e+00,3.481899999999999977e+02,3.192199999999999704e+02
2.560000000000000000e+02,2.000000000000000000e+01,0.000000000000000000e+00,3.481899999999999977e+02,3.192199999999999704e+02
2.570000000000000000e+02,2.000000000000000000e+01,0.000000000000000000e+00,3.481899999999999977e+02,3.193499999999999659e+02
2.580000000000000000e+02,2.000000000000000000e+01,0.000000000000000000e+00,3.482199999999999704e+02,3.193499999999999659e+02
2.590000000000000000e+02,2.000000000000000000e+01,0.000000000000000000e+00,3.481899999999999977e+02,3.192199999999999704e+02
2.600000000000000000e+02,2.000000000000000000e+01,0.000000000000000000e+00,3.481899999999999977e+02,3.191899999999999977e+02
2.610000000000000000e+02,2.000000000000000000e+01,0.000000000000000000e+00,3.481899999999999977e+02,3.191899999999999977e+02
2.620000000000000000e+02,2.000000000000000000e+01,0.000000000000000000e+00,3.481200000000000045e+02,3.191899999999999977e+02
2.630000000000000000e+02,2.000000000000000000e+01,0.000000000000000000e+00,3.478999999999999773e+02,3.191899999999999977e+02
2.640000000000000000e+02,2.000000000000000000e+01,0.000000000000000000e+00,3.478700000000000045e+02,3.192199999999999704e+02
2.650000000000000000e+02,2.000000000000000000e+01,0.000000000000000000e+00,3.478700000000000045e+02,3.191899999999999977e+02
2.660000000000000000e+02,2.000000000000000000e+01,0.000000000000000000e+00,3.477099999999999795e+02,3.191899999999999977e+02
2.670000000000000000e+02,2.000000000000000000e+01,0.000000000000000000e+00,3.475399999999999636e+02,3.191899999999999977e+02
2.680000000000000000e+02,2.000000000000000000e+01,0.000000000000000000e+00,3.475399999999999636e+02,3.191899999999999977e+02
2.690000000000000000e+02,2.000000000000000000e+01,0.000000000000000000e+00,3.474799999999999613e+02,3.191899999999999977e+02
2.700000000000000000e+02,2.000000000000000000e+01,0.000000000000000000e+00,3.472500000000000000e+02,3.191899999999999977e+02
2.710000000000000000e+02,2.000000000000000000e+01,0.000000000000000000e+00,3.472199999999999704e+02,3.191899999999999977e+02
2.720000000000000000e+02,2.000000000000000000e+01,0.000000000000000000e+00,3.470000000000000000e+02,3.191899999999999977e+02
2.730000000000000000e+02,2.000000000000000000e+01,0.000000000000000000e+00,3.468999999999999773e+02,3.191899999999999977e+02
2.740000000000000000e+02,2.000000000000000000e+01,0.000000000000000000e+00,3.468399999999999750e+02,3.191899999999999977e+02
2.750000000000000000e+02,2.000000000000000000e+01,0.000000000000000000e+00,3.465799999999999841e+02,3.191899999999999977e+02
2.760000000000000000e+02,2.000000000000000000e+01,0.000000000000000000e+00,3.464799999999999613e+02,3.191899999999999977e+02
2.770000000000000000e+02,2.000000000000000000e+01,0.000000000000000000e+00,3.462599999999999909e+02,3.191899999999999977e+02
2.780000000000000000e+02,2.000000000000000000e+01,0.000000000000000000e+00,3.461899999999999977e+02,3.191899999999999977e+02
2.790000000000000000e+02,2.000000000000000000e+01,0.000000000000000000e+00,3.459299999999999500e+02,3.190599999999999454e+02
2.800000000000000000e+02,2.000000000000000000e+01,0.000000000000000000e+00,3.458999999999999773e+02,3.191200000000000045e+02
2.810000000000000000e+02,2.000000000000000000e+01,0.000000000000000000e+00,3.456099999999999568e+02,3.189900000000000091e+02
2.820000000000000000e+02,2.000000000000000000e+01,0.000000000000000000e+00,3.455499999999999545e+02,3.189599999999999795e+02
2.830000000000000000e+02,2.000000000000000000e+01,0.000000000000000000e+00,3.452899999999999636e+02,3.188599999999999568e+02
2.840000000000000000e+02,2.000000000000000000e+01,0.000000000000000000e+00,3.451299999999999955e+02,3.188999999999999773e+02
2.850000000000000000e+02,2.000000000000000000e+01,0.000000000000000000e+00,3.449699999999999704e+02,3.188599999999999568e+02
2.860000000000000000e+02,2.000000000000000000e+01,0.000000000000000000e+00,3.447099999999999795e+02,3.188599999999999568e+02
2.870000000000000000e+02,2.000000000000000000e+01,0.000000000000000000e+00,3.446399999999999864e+02,3.188599999999999568e+02
2.880000000000000000e+02,2.000000000000000000e+01,0.000000000000000000e+00,3.443199999999999932e+02,3.188599999999999568e+02
2.890000000000000000e+02,2.000000000000000000e+01,0.000000000000000000e+00,3.443199999999999932e+02,3.188599999999999568e+02
2.900000000000000000e+02,2.000000000000000000e+01,0.000000000000000000e+00,3.440299999999999727e+02,3.188599999999999568e+02
2.910000000000000000e+02,2.000000000000000000e+01,0.000000000000000000e+00,3.438999999999999773e+02,3.188599999999999568e+02
2.920000000000000000e+02,2.000000000000000000e+01,0.000000000000000000e+00,3.436799999999999500e+02,3.188599999999999568e+02
2.930000000000000000e+02,2.000000000000000000e+01,0.000000000000000000e+00,3.435199999999999818e+02,3.188599999999999568e+02
2.940000000000000000e+02,2.000000000000000000e+01,0.000000000000000000e+00,3.433599999999999568e+02,3.186699999999999591e+02
2.950000000000000000e+02,2.000000000000000000e+01,0.000000000000000000e+00,3.430299999999999727e+02,3.185699999999999932e+02
2.960000000000000000e+02,2.000000000000000000e+01,0.000000000000000000e+00,3.430299999999999727e+02,3.185399999999999636e+02
2.970000000000000000e+02,2.000000000000000000e+01,0.000000000000000000e+00,3.427099999999999795e+02,3.185399999999999636e+02
2.980000000000000000e+02,2.000000000000000000e+01,0.000000000000000000e+00,3.426099999999999568e+02,3.185399999999999636e+02
2.990000000000000000e+02,2.000000000000000000e+01,0.000000000000000000e+00,3.423899999999999864e+02,3.185399999999999636e+02
3.000000000000000000e+02,2.000000000000000000e+01,0.000000000000000000e+00,3.421599999999999682e+02,3.185399999999999636e+02
3.010000000000000000e+02,2.000000000000000000e+01,1.000000000000000000e+02,3.420699999999999932e+02,3.185399999999999636e+02
3.020000000000000000e+02,2.000000000000000000e+01,1.000000000000000000e+02,3.417400000000000091e+02,3.187299999999999613e+02
3.030000000000000000e+02,2.000000000000000000e+01,1.000000000000000000e+02,3.417400000000000091e+02,3.188599999999999568e+02
3.040000000000000000e+02,2.000000000000000000e+01,1.000000000000000000e+02,3.414199999999999591e+02,3.190199999999999818e+02
3.050000000000000000e+02,2.000000000000000000e+01,1.000000000000000000e+02,3.414199999999999591e+02,3.189299999999999500e+02
3.060000000000000000e+02,2.000000000000000000e+01,1.000000000000000000e+02,3.410999999999999659e+02,3.188999999999999773e+02
3.070000000000000000e+02,2.000000000000000000e+01,1.000000000000000000e+02,3.410299999999999727e+02,3.188999999999999773e+02
3.080000000000000000e+02,2.000000000000000000e+01,1.000000000000000000e+02,3.407799999999999727e+02,3.186099999999999568e+02
3.090000000000000000e+02,2.000000000000000000e+01,1.000000000000000000e+02,3.406799999999999500e+02,3.187699999999999818e+02
3.100000000000000000e+02,2.000000000000000000e+01,1.000000000000000000e+02,3.404499999999999886e+02,3.189900000000000091e+02
3.110000000000000000e+02,2.000000000000000000e+01,1.000000000000000000e+02,3.401999999999999886e+02,3.189599999999999795e+02
3.120000000000000000e+02,2.000000000000000000e+01,1.000000000000000000e+02,3.401299999999999955e+02,3.190199999999999818e+02
3.130000000000000000e+02,2.000000000000000000e+01,1.000000000000000000e+02,3.398399999999999750e+02,3.187299999999999613e+02
3.140000000000000000e+02,2.000000000000000000e+01,1.000000000000000000e+02,3.398099999999999454e+02,3.188299999999999841e+02
3.150000000000000000e+02,2.000000000000000000e+01,1.000000000000000000e+02,3.395199999999999818e+02,3.189599999999999795e+02
3.160000000000000000e+02,2.000000000000000000e+01,1.000000000000000000e+02,3.394599999999999795e+02,3.191899999999999977e+02
3.170000000000000000e+02,2.000000000000000000e+01,1.000000000000000000e+02,3.391699999999999591e+02,3.193499999999999659e+02
3.180000000000000000e+02,2.000000000000000000e+01,1.000000000000000000e+02,3.391299999999999955e+02,3.192500000000000000e+02
3.190000000000000000e+02,2.000000000000000000e+01,1.000000000000000000e+02,3.388799999999999955e+02,3.192199999999999704e+02
3.200000000000000000e+02,2.000000000000000000e+01,1.000000000000000000e+02,3.388099999999999454e+02,3.193099999999999454e+02
3.210000000000000000e+02,2.000000000000000000e+01,1.000000000000000000e+02,3.385199999999999818e+02,3.196699999999999591e+02
3.220000000000000000e+02,2.000000000000000000e+01,1.000000000000000000e+02,3.385199999999999818e+02,3.195999999999999659e+02
3.230000000000000000e+02,2.000000000000000000e+01,1.000000000000000000e+02,3.381999999999999886e+02,3.198299999999999841e+02
3.240000000000000000e+02,2.000000000000000000e+01,1.000000000000000000e+02,3.380699999999999932e+02,3.198899999999999864e+02
3.250000000000000000e+02,2.000000000000000000e+01,1.000000000000000000e+02,3.378799999999999955e+02,3.197299999999999613e+02
3.260000000000000000e+02,2.000000000000000000e+01,1.000000000000000000e+02,3.377799999999999727e+02,3.199900000000000091e+02
3.270000000000000000e+02,2.000000000000000000e+01,1.000000000000000000e+02,3.375499999999999545e+02,3.203099999999999454e+02
3.280000000000000000e+02,2.000000000000000000e+01,1.000000000000000000e+02,3.374900000000000091e+02,3.204099999999999682e+02
3.290000000000000000e+02,2.000000000000000000e+01,1.000000000000000000e+02,3.372299999999999613e+02,3.205399999999999636e+02
3.300000000000000000e+02,2.000000000000000000e+01,1.000000000000000000e+02,3.371999999999999886e+02,3.205099999999999909e+02
3.310000000000000000e+02,2.000000000000000000e+01,1.000000000000000000e+02,3.369099999999999682e+02,3.206699999999999591e+02
3.320000000000000000e+02,2.000000000000000000e+01,1.000000000000000000e+02,3.368099999999999454e+02,3.208599999999999568e+02
3.330000000000000000e+02,2.000000000000000000e+01,1.000000000000000000e+02,3.365899999999999750e+02,3.212199999999999704e+02
3.340000000000000000e+02,2.000000000000000000e+01,1.000000000000000000e+02,3.365899999999999750e+02,3.212799999999999727e+02
3.350000000000000000e+02,2.000000000000000000e+01,1.000000000000000000e+02,3.362699999999999818e+02,3.215099999999999909e+02
3.360000000000000000e+02,2.000000000000000000e+01,1.000000000000000000e+02,3.362699999999999818e+02,3.214099999999999682e+02
3.370000000000000000e+02,2.000000000000000000e+01,1.000000000000000000e+02,3.360699999999999932e+02,3.214099999999999682e+02
3.380000000000000000e+02,2.000000000000000000e+01,1.000000000000000000e+02,3.359399999999999977e+02,3.219199999999999591e+02
3.390000000000000000e+02,2.000000000000000000e+01,1.000000000000000000e+02,3.358799999999999955e+02,3.220499999999999545e+02
3.400000000000000000e+02,2.000000000000000000e+01,1.000000000000000000e+02,3.356200000000000045e+02,3.222500000000000000e+02
3.410000000000000000e+02,2.000000000000000000e+01,1.000000000000000000e+02,3.355899999999999750e+02,3.223399999999999750e+02
3.420000000000000000e+02,2.000000000000000000e+01,1.000000000000000000e+02,3.353299999999999841e+02,3.224699999999999704e+02
3.430000000000000000e+02,2.000000000000000000e+01,1.000000000000000000e+02,3.352999999999999545e+02,3.223799999999999955e+02
3.440000000000000000e+02,2.000000000000000000e+01,1.000000000000000000e+02,3.352299999999999613e+02,3.225999999999999659e+02
3.450000000000000000e+02,2.000000000000000000e+01,1.000000000000000000e+02,3.349799999999999613e+02,3.228899999999999864e+02
3.460000000000000000e+02,2.000000000000000000e+01,1.000000000000000000e+02,3.349799999999999613e+02,3.231499999999999773e+02
3.470000000000000000e+02,2.000000000000000000e+01,1.000000000000000000e+02,3.346499999999999773e+02,3.232099999999999795e+02
3.480000000000000000e+02,2.000000000000000000e+01,1.000000000000000000e+02,3.346499999999999773e+02,3.232500000000000000e+02
3.490000000000000000e+02,2.000000000000000000e+01,1.000000000000000000e+02,3.345599999999999454e+02,3.233399999999999750e+02
3.500000000000000000e+02,2.000000000000000000e+01,1.000000000000000000e+02,3.343299999999999841e+02,3.233399999999999750e+02
3.510000000000000000e+02,2.000000000000000000e+01,1.000000000000000000e+02,3.342699999999999818e+02,3.236299999999999955e+02
3.520000000000000000e+02,2.000000000000000000e+01,1.000000000000000000e+02,3.340099999999999909e+02,3.238299999999999841e+02
3.530000000000000000e+02,2.000000000000000000e+01,1.000000000000000000e+02,3.340099999999999909e+02,3.240799999999999841e+02
3.540000000000000000e+02,2.000000000000000000e+01,1.000000000000000000e+02,3.339399999999999977e+02,3.241499999999999773e+02
3.550000000000000000e+02,2.000000000000000000e+01,1.000000000000000000e+02,3.336899999999999977e+02,3.243700000000000045e+02
3.560000000000000000e+02,2.000000000000000000e+01,1.000000000000000000e+02,3.336899999999999977e+02,3.244099999999999682e+02
3.570000000000000000e+02,2.000000000000000000e+01,1.000000000000000000e+02,3.336499999999999773e+02,3.245000000000000000e+02
3.580000000000000000e+02,2.000000000000000000e+01,1.000000000000000000e+02,3.333999999999999773e+02,3.246299999999999955e+02
3.590000000000000000e+02,2.000000000000000000e+01,1.000000000000000000e+02,3.333599999999999568e+02,3.249499999999999886e+02
3.600000000000000000e+02,2.000000000000000000e+01,1.000000000000000000e+02,3.333299999999999841e+02,3.251499999999999773e+02
3.610000000000000000e+02,8.000000000000000000e+01,1.000000000000000000e+02,3.330399999999999636e+02,3.253399999999999750e+02
3.620000000000000000e+02,8.000000000000000000e+01,1.000000000000000000e+02,3.330399999999999636e+02,3.252799999999999727e+02
3.630000000000000000e+02,8.000000000000000000e+01,1.000000000000000000e+02,3.329499999999999886e+02,3.254699999999999704e+02
3.640000000000000000e+02,8.000000000000000000e+01,1.000000000000000000e+02,3.327199999999999704e+02,3.255999999999999659e+02
3.650000000000000000e+02,8.000000000000000000e+01,1.000000000000000000e+02,3.327199999999999704e+02,3.257899999999999636e+02
3.660000000000000000e+02,8.000000000000000000e+01,1.000000000000000000e+02,3.327199999999999704e+02,3.260199999999999818e+02
3.670000000000000000e+02,8.000000000000000000e+01,1.000000000000000000e+02,3.326899999999999977e+02,3.261099999999999568e+02
3.680000000000000000e+02,8.000000000000000000e+01,1.000000000000000000e+02,3.323999999999999773e+02,3.261799999999999500e+02
3.690000000000000000e+02,8.000000000000000000e+01,1.000000000000000000e+02,3.323999999999999773e+02,3.262400000000000091e+02
3.700000000000000000e+02,8.000000000000000000e+01,1.000000000000000000e+02,3.323999999999999773e+02,3.262099999999999795e+02
3.710000000000000000e+02,8.000000000000000000e+01,1.000000000000000000e+02,3.323999999999999773e+02,3.266599999999999682e+02
3.720000000000000000e+02,8.000000000000000000e+01,1.000000000000000000e+02,3.323999999999999773e+02,3.267599999999999909e+02
3.730000000000000000e+02,8.000000000000000000e+01,1.000000000000000000e+02,3.323999999999999773e+02,3.270799999999999841e+02
3.740000000000000000e+02,8.000000000000000000e+01,1.000000000000000000e+02,3.323999999999999773e+02,3.270199999999999818e+02
3.750000000000000000e+02,8.000000000000000000e+01,1.000000000000000000e+02,3.323999999999999773e+02,3.270499999999999545e+02
3.760000000000000000e+02,8.000000000000000000e+01,1.000000000000000000e+02,3.324299999999999500e+02,3.272400000000000091e+02
3.770000000000000000e+02,8.000000000000000000e+01,1.000000000000000000e+02,3.325299999999999727e+02,3.275299999999999727e+02
3.780000000000000000e+02,8.000000000000000000e+01,1.000000000000000000e+02,3.326200000000000045e+02,3.277299999999999613e+02
3.790000000000000000e+02,8.000000000000000000e+01,1.000000000000000000e+02,3.326899999999999977e+02,3.277299999999999613e+02
3.800000000000000000e+02,8.000000000000000000e+01,1.000000000000000000e+02,3.327199999999999704e+02,3.277599999999999909e+02
3.810000000000000000e+02,8.000000000000000000e+01,1.000000000000000000e+02,3.327199999999999704e+02,3.278499999999999659e+02
3.820000000000000000e+02,8.000000000000000000e+01,1.000000000000000000e+02,3.329099999999999682e+02,3.279799999999999613e+02
3.830000000000000000e+02,8.000000000000000000e+01,1.000000000000000000e+02,3.330399999999999636e+02,3.282699999999999818e+02
3.840000000000000000e+02,8.000000000000000000e+01,1.000000000000000000e+02,3.330399999999999636e+02,3.283700000000000045e+02
3.850000000000000000e+02,8.000000000000000000e+01,1.000000000000000000e+02,3.333599999999999568e+02,3.285599999999999454e+02
3.860000000000000000e+02,8.000000000000000000e+01,1.000000000000000000e+02,3.333599999999999568e+02,3.285299999999999727e+02
3.870000000000000000e+02,8.000000000000000000e+01,1.000000000000000000e+02,3.333599999999999568e+02,3.285000000000000000e+02
3.880000000000000000e+02,8.000000000000000000e+01,1.000000000000000000e+02,3.336499999999999773e+02,3.289199999999999591e+02
3.890000000000000000e+02,8.000000000000000000e+01,1.000000000000000000e+02,3.336899999999999977e+02,3.289799999999999613e+02
3.900000000000000000e+02,8.000000000000000000e+01,1.000000000000000000e+02,3.339799999999999613e+02,3.293399999999999750e+02
3.910000000000000000e+02,8.000000000000000000e+01,1.000000000000000000e+02,3.340099999999999909e+02,3.293399999999999750e+02
3.920000000000000000e+02,8.000000000000000000e+01,1.000000000000000000e+02,3.341099999999999568e+02,3.291099999999999568e+02
3.930000000000000000e+02,8.000000000000000000e+01,1.000000000000000000e+02,3.343299999999999841e+02,3.295299999999999727e+02
3.940000000000000000e+02,8.000000000000000000e+01,1.000000000000000000e+02,3.344900000000000091e+02,3.297899999999999636e+02
3.950000000000000000e+02,8.000000000000000000e+01,1.000000000000000000e+02,3.346499999999999773e+02,3.298499999999999659e+02
3.960000000000000000e+02,8.000000000000000000e+01,1.000000000000000000e+02,3.347500000000000000e+02,3.298799999999999955e+02
3.970000000000000000e+02,8.000000000000000000e+01,1.000000000000000000e+02,3.349799999999999613e+02,3.298799999999999955e+02
3.980000000000000000e+02,8.000000000000000000e+01,1.000000000000000000e+02,3.351099999999999568e+02,3.302099999999999795e+02
3.990000000000000000e+02,8.000000000000000000e+01,1.000000000000000000e+02,3.352999999999999545e+02,3.301099999999999568e+02
4.000000000000000000e+02,8.000000000000000000e+01,1.000000000000000000e+02,3.353299999999999841e+02,3.304299999999999500e+02
4.010000000000000000e+02,8.000000000000000000e+01,1.000000000000000000e+02,3.356200000000000045e+02,3.306599999999999682e+02
4.020000000000000000e+02,8.000000000000000000e+01,1.000000000000000000e+02,3.357500000000000000e+02,3.307500000000000000e+02
4.030000000000000000e+02,8.000000000000000000e+01,1.000000000000000000e+02,3.359399999999999977e+02,3.307500000000000000e+02
4.040000000000000000e+02,8.000000000000000000e+01,1.000000000000000000e+02,3.360399999999999636e+02,3.309799999999999613e+02
4.050000000000000000e+02,8.000000000000000000e+01,1.000000000000000000e+02,3.362999999999999545e+02,3.309799999999999613e+02
4.060000000000000000e+02,8.000000000000000000e+01,1.000000000000000000e+02,3.364299999999999500e+02,3.312099999999999795e+02
4.070000000000000000e+02,8.000000000000000000e+01,1.000000000000000000e+02,3.366200000000000045e+02,3.312400000000000091e+02
4.080000000000000000e+02,8.000000000000000000e+01,1.000000000000000000e+02,3.368099999999999454e+02,3.315899999999999750e+02
4.090000000000000000e+02,8.000000000000000000e+01,1.000000000000000000e+02,3.369099999999999682e+02,3.313999999999999773e+02
4.100000000000000000e+02,8.000000000000000000e+01,1.000000000000000000e+02,3.372299999999999613e+02,3.315299999999999727e+02
4.110000000000000000e+02,8.000000000000000000e+01,1.000000000000000000e+02,3.372999999999999545e+02,3.319499999999999886e+02
4.120000000000000000e+02,8.000000000000000000e+01,1.000000000000000000e+02,3.375499999999999545e+02,3.319799999999999613e+02
4.130000000000000000e+02,8.000000000000000000e+01,1.000000000000000000e+02,3.375899999999999750e+02,3.321099999999999568e+02
4.140000000000000000e+02,8.000000000000000000e+01,1.000000000000000000e+02,3.378799999999999955e+02,3.322400000000000091e+02
4.150000000000000000e+02,8.000000000000000000e+01,1.000000000000000000e+02,3.381699999999999591e+02,3.321699999999999591e+02
4.160000000000000000e+02,8.000000000000000000e+01,1.000000000000000000e+02,3.381999999999999886e+02,3.323299999999999841e+02
4.170000000000000000e+02,8.000000000000000000e+01,1.000000000000000000e+02,3.384900000000000091e+02,3.323700000000000045e+02
4.180000000000000000e+02,8.000000000000000000e+01,1.000000000000000000e+02,3.385199999999999818e+02,3.327199999999999704e+02
4.190000000000000000e+02,8.000000000000000000e+01,1.000000000000000000e+02,3.388099999999999454e+02,3.328799999999999955e+02
4.200000000000000000e+02,8.000000000000000000e+01,1.000000000000000000e+02,3.388799999999999955e+02,3.329499999999999886e+02
4.210000000000000000e+02,8.000000000000000000e+01,5.000000000000000000e+01,3.391699999999999591e+02,3.330699999999999932e+02
4.220000000000000000e+02,8.000000000000000000e+01,5.000000000000000000e+01,3.391999999999999886e+02,3.329499999999999886e+02
4.230000000000000000e+02,8.000000000000000000e+01,5.000000000000000000e+01,3.394900000000000091e+02,3.329799999999999613e+02
4.240000000000000000e+02,8.000000000000000000e+01,5.000000000000000000e+01,3.395499999999999545e+02,3.331099999999999568e+02
4.250000000000000000e+02,8.000000000000000000e+01,5.000000000000000000e+01,3.398099999999999454e+02,3.332400000000000091e+02
4.260000000000000000e+02,8.000000000000000000e+01,5.000000000000000000e+01,3.400399999999999636e+02,3.333299999999999841e+02
4.270000000000000000e+02,8.000000000000000000e+01,5.000000000000000000e+01,3.401599999999999682e+02,3.335599999999999454e+02
4.280000000000000000e+02,8.000000000000000000e+01,5.000000000000000000e+01,3.404499999999999886e+02,3.335599999999999454e+02
4.290000000000000000e+02,8.000000000000000000e+01,5.000000000000000000e+01,3.404900000000000091e+02,3.334900000000000091e+02
4.300000000000000000e+02,8.000000000000000000e+01,5.000000000000000000e+01,3.407099999999999795e+02,3.336499999999999773e+02
4.310000000000000000e+02,8.000000000000000000e+01,5.000000000000000000e+01,3.408099999999999454e+02,3.336899999999999977e+02
4.320000000000000000e+02,8.000000000000000000e+01,5.000000000000000000e+01,3.410999999999999659e+02,3.339099999999999682e+02
4.330000000000000000e+02,8.000000000000000000e+01,5.000000000000000000e+01,3.412299999999999613e+02,3.339399999999999977e+02
4.340000000000000000e+02,8.000000000000000000e+01,5.000000000000000000e+01,3.414199999999999591e+02,3.341399999999999864e+02
4.350000000000000000e+02,8.000000000000000000e+01,5.000000000000000000e+01,3.415799999999999841e+02,3.342699999999999818e+02
4.360000000000000000e+02,8.000000000000000000e+01,5.000000000000000000e+01,3.417400000000000091e+02,3.341399999999999864e+02
4.370000000000000000e+02,8.000000000000000000e+01,5.000000000000000000e+01,3.417799999999999727e+02,3.341399999999999864e+02
4.380000000000000000e+02,8.000000000000000000e+01,5.000000000000000000e+01,3.420699999999999932e+02,3.342999999999999545e+02
4.390000000000000000e+02,8.000000000000000000e+01,5.000000000000000000e+01,3.422899999999999636e+02,3.343999999999999773e+02
4.400000000000000000e+02,8.000000000000000000e+01,5.000000000000000000e+01,3.423899999999999864e+02,3.344900000000000091e+02
4.410000000000000000e+02,8.000000000000000000e+01,5.000000000000000000e+01,3.426099999999999568e+02,3.344599999999999795e+02
4.420000000000000000e+02,8.000000000000000000e+01,5.000000000000000000e+01,3.427099999999999795e+02,3.344299999999999500e+02
4.430000000000000000e+02,8.000000000000000000e+01,5.000000000000000000e+01,3.429699999999999704e+02,3.345599999999999454e+02
4.440000000000000000e+02,8.000000000000000000e+01,5.000000000000000000e+01,3.430299999999999727e+02,3.345899999999999750e+02
4.450000000000000000e+02,8.000000000000000000e+01,5.000000000000000000e+01,3.433199999999999932e+02,3.345899999999999750e+02
4.460000000000000000e+02,8.000000000000000000e+01,5.000000000000000000e+01,3.433599999999999568e+02,3.346200000000000045e+02
4.470000000000000000e+02,8.000000000000000000e+01,5.000000000000000000e+01,3.436499999999999773e+02,3.346899999999999977e+02
4.480000000000000000e+02,8.000000000000000000e+01,5.000000000000000000e+01,3.436799999999999500e+02,3.345299999999999727e+02
4.490000000000000000e+02,8.000000000000000000e+01,5.000000000000000000e+01,3.439699999999999704e+02,3.348199999999999932e+02
4.500000000000000000e+02,8.000000000000000000e+01,5.000000000000000000e+01,3.440000000000000000e+02,3.349099999999999682e+02
4.510000000000000000e+02,8.000000000000000000e+01,5.000000000000000000e+01,3.442299999999999613e+02,3.348499999999999659e+02
4.520000000000000000e+02,8.000000000000000000e+01,5.000000000000000000e+01,3.443199999999999932e+02,3.349799999999999613e+02
4.530000000000000000e+02,8.000000000000000000e+01,5.000000000000000000e+01,3.444499999999999886e+02,3.347500000000000000e+02
4.540000000000000000e+02,8.000000000000000000e+01,5.000000000000000000e+01,3.446399999999999864e+02,3.346499999999999773e+02
4.550000000000000000e+02,8.000000000000000000e+01,5.000000000000000000e+01,3.447400000000000091e+02,3.348499999999999659e+02
4.560000000000000000e+02,8.000000000000000000e+01,5.000000000000000000e+01,3.449699999999999704e+02,3.349799999999999613e+02
4.570000000000000000e+02,8.000000000000000000e+01,5.000000000000000000e+01,3.450999999999999659e+02,3.349099999999999682e+02
4.580000000000000000e+02,8.000000000000000000e+01,5.000000000000000000e+01,3.452899999999999636e+02,3.349099999999999682e+02
4.590000000000000000e+02,8.000000000000000000e+01,5.000000000000000000e+01,3.453899999999999864e+02,3.350399999999999636e+02
4.600000000000000000e+02,8.000000000000000000e+01,5.000000000000000000e+01,3.456099999999999568e+02,3.349099999999999682e+02
4.610000000000000000e+02,8.000000000000000000e+01,5.000000000000000000e+01,3.456099999999999568e+02,3.348799999999999955e+02
4.620000000000000000e+02,8.000000000000000000e+01,5.000000000000000000e+01,3.459299999999999500e+02,3.348799999999999955e+02
4.630000000000000000e+02,8.000000000000000000e+01,5.000000000000000000e+01,3.459299999999999500e+02,3.349799999999999613e+02
4.640000000000000000e+02,8.000000000000000000e+01,5.000000000000000000e+01,3.460899999999999750e+02,3.349399999999999977e+02
4.650000000000000000e+02,8.000000000000000000e+01,5.000000000000000000e+01,3.462599999999999909e+02,3.347199999999999704e+02
4.660000000000000000e+02,8.000000000000000000e+01,5.000000000000000000e+01,3.462899999999999636e+02,3.348499999999999659e+02
4.670000000000000000e+02,8.000000000000000000e+01,5.000000000000000000e+01,3.465799999999999841e+02,3.350399999999999636e+02
4.680000000000000000e+02,8.000000000000000000e+01,5.000000000000000000e+01,3.465799999999999841e+02,3.349799999999999613e+02
4.690000000000000000e+02,8.000000000000000000e+01,5.000000000000000000e+01,3.468999999999999773e+02,3.350099999999999909e+02
4.700000000000000000e+02,8.000000000000000000e+01,5.000000000000000000e+01,3.468999999999999773e+02,3.350699999999999932e+02
4.710000000000000000e+02,8.000000000000000000e+01,5.000000000000000000e+01,3.471299999999999955e+02,3.351099999999999568e+02
4.720000000000000000e+02,8.000000000000000000e+01,5.000000000000000000e+01,3.472199999999999704e+02,3.348499999999999659e+02
4.730000000000000000e+02,8.000000000000000000e+01,5.000000000000000000e+01,3.472199999999999704e+02,3.351399999999999864e+02
4.740000000000000000e+02,8.000000000000000000e+01,5.000000000000000000e+01,3.475399999999999636e+02,3.351999999999999886e+02
4.750000000000000000e+02,8.000000000000000000e+01,5.000000000000000000e+01,3.475399999999999636e+02,3.348499999999999659e+02
4.760000000000000000e+02,8.000000000000000000e+01,5.000000000000000000e+01,3.477099999999999795e+02,3.352299999999999613e+02
4.770000000000000000e+02,8.000000000000000000e+01,5.000000000000000000e+01,3.478700000000000045e+02,3.350099999999999909e+02
4.780000000000000000e+02,8.000000000000000000e+01,5.000000000000000000e+01,3.478700000000000045e+02,3.350699999999999932e+02
4.790000000000000000e+02,8.000000000000000000e+01,5.000000000000000000e+01,3.481200000000000045e+02,3.351999999999999886e+02
4.800000000000000000e+02,8.000000000000000000e+01,5.000000000000000000e+01,3.481899999999999977e+02,3.351399999999999864e+02
4.810000000000000000e+02,0.000000000000000000e+00,5.000000000000000000e+01,3.483199999999999932e+02,3.352299999999999613e+02
4.820000000000000000e+02,0.000000000000000000e+00,5.000000000000000000e+01,3.485099999999999909e+02,3.351099999999999568e+02
4.830000000000000000e+02,0.000000000000000000e+00,5.000000000000000000e+01,3.485099999999999909e+02,3.349799999999999613e+02
4.840000000000000000e+02,0.000000000000000000e+00,5.000000000000000000e+01,3.486399999999999864e+02,3.351699999999999591e+02
4.850000000000000000e+02,0.000000000000000000e+00,5.000000000000000000e+01,3.488299999999999841e+02,3.352299999999999613e+02
4.860000000000000000e+02,0.000000000000000000e+00,5.000000000000000000e+01,3.488700000000000045e+02,3.351399999999999864e+02
4.870000000000000000e+02,0.000000000000000000e+00,5.000000000000000000e+01,3.488299999999999841e+02,3.352299999999999613e+02
4.880000000000000000e+02,0.000000000000000000e+00,5.000000000000000000e+01,3.490599999999999454e+02,3.352699999999999818e+02
4.890000000000000000e+02,0.000000000000000000e+00,5.000000000000000000e+01,3.491599999999999682e+02,3.350399999999999636e+02
4.900000000000000000e+02,0.000000000000000000e+00,5.000000000000000000e+01,3.491599999999999682e+02,3.351399999999999864e+02
4.910000000000000000e+02,0.000000000000000000e+00,5.000000000000000000e+01,3.491599999999999682e+02,3.352699999999999818e+02
4.920000000000000000e+02,0.000000000000000000e+00,5.000000000000000000e+01,3.491599999999999682e+02,3.351699999999999591e+02
4.930000000000000000e+02,0.000000000000000000e+00,5.000000000000000000e+01,3.491599999999999682e+02,3.351699999999999591e+02
4.940000000000000000e+02,0.000000000000000000e+00,5.000000000000000000e+01,3.491599999999999682e+02,3.351699999999999591e+02
4.950000000000000000e+02,0.000000000000000000e+00,5.000000000000000000e+01,3.491200000000000045e+02,3.351999999999999886e+02
4.960000000000000000e+02,0.000000000000000000e+00,5.000000000000000000e+01,3.491200000000000045e+02,3.350699999999999932e+02
4.970000000000000000e+02,0.000000000000000000e+00,5.000000000000000000e+01,3.489299999999999500e+02,3.351699999999999591e+02
4.980000000000000000e+02,0.000000000000000000e+00,5.000000000000000000e+01,3.488299999999999841e+02,3.351699999999999591e+02
4.990000000000000000e+02,0.000000000000000000e+00,5.000000000000000000e+01,3.488299999999999841e+02,3.351699999999999591e+02
5.000000000000000000e+02,0.000000000000000000e+00,5.000000000000000000e+01,3.486399999999999864e+02,3.351699999999999591e+02
5.010000000000000000e+02,0.000000000000000000e+00,5.000000000000000000e+01,3.485099999999999909e+02,3.352699999999999818e+02
5.020000000000000000e+02,0.000000000000000000e+00,5.000000000000000000e+01,3.485099999999999909e+02,3.351699999999999591e+02
5.030000000000000000e+02,0.000000000000000000e+00,5.000000000000000000e+01,3.482500000000000000e+02,3.352699999999999818e+02
5.040000000000000000e+02,0.000000000000000000e+00,5.000000000000000000e+01,3.481899999999999977e+02,3.351699999999999591e+02
5.050000000000000000e+02,0.000000000000000000e+00,5.000000000000000000e+01,3.479599999999999795e+02,3.352699999999999818e+02
5.060000000000000000e+02,0.000000000000000000e+00,5.000000000000000000e+01,3.478700000000000045e+02,3.351699999999999591e+02
5.070000000000000000e+02,0.000000000000000000e+00,5.000000000000000000e+01,3.476699999999999591e+02,3.351699999999999591e+02
5.080000000000000000e+02,0.000000000000000000e+00,5.000000000000000000e+01,3.475399999999999636e+02,3.351699999999999591e+02
5.090000000000000000e+02,0.000000000000000000e+00,5.000000000000000000e+01,3.472500000000000000e+02,3.350699999999999932e+02
5.100000000000000000e+02,0.000000000000000000e+00,5.000000000000000000e+01,3.472199999999999704e+02,3.351699999999999591e+02
5.110000000000000000e+02,0.000000000000000000e+00,5.000000000000000000e+01,3.468999999999999773e+02,3.352699999999999818e+02
5.120000000000000000e+02,0.000000000000000000e+00,5.000000000000000000e+01,3.468999999999999773e+02,3.351699999999999591e+02
5.130000000000000000e+02,0.000000000000000000e+00,5.000000000000000000e+01,3.465799999999999841e+02,3.352299999999999613e+02
5.140000000000000000e+02,0.000000000000000000e+00,5.000000000000000000e+01,3.463199999999999932e+02,3.351099999999999568e+02
5.150000000000000000e+02,0.000000000000000000e+00,5.000000000000000000e+01,3.462599999999999909e+02,3.349799999999999613e+02
5.160000000000000000e+02,0.000000000000000000e+00,5.000000000000000000e+01,3.459299999999999500e+02,3.350699999999999932e+02
5.170000000000000000e+02,0.000000000000000000e+00,5.000000000000000000e+01,3.456399999999999864e+02,3.351399999999999864e+02
5.180000000000000000e+02,0.000000000000000000e+00,5.000000000000000000e+01,3.456099999999999568e+02,3.349799999999999613e+02
5.190000000000000000e+02,0.000000000000000000e+00,5.000000000000000000e+01,3.452899999999999636e+02,3.349799999999999613e+02
5.200000000000000000e+02,0.000000000000000000e+00,5.000000000000000000e+01,3.450599999999999454e+02,3.349399999999999977e+02
5.210000000000000000e+02,0.000000000000000000e+00,5.000000000000000000e+01,3.449699999999999704e+02,3.350399999999999636e+02
5.220000000000000000e+02,0.000000000000000000e+00,5.000000000000000000e+01,3.446399999999999864e+02,3.347799999999999727e+02
5.230000000000000000e+02,0.000000000000000000e+00,5.000000000000000000e+01,3.443199999999999932e+02,3.349099999999999682e+02
5.240000000000000000e+02,0.000000000000000000e+00,5.000000000000000000e+01,3.443199999999999932e+02,3.348499999999999659e+02
5.250000000000000000e+02,0.000000000000000000e+00,5.000000000000000000e+01,3.440000000000000000e+02,3.349099999999999682e+02
5.260000000000000000e+02,0.000000000000000000e+00,5.000000000000000000e+01,3.436799999999999500e+02,3.348799999999999955e+02
5.270000000000000000e+02,0.000000000000000000e+00,5.000000000000000000e+01,3.435799999999999841e+02,3.347500000000000000e+02
5.280000000000000000e+02,0.000000000000000000e+00,5.000000000000000000e+01,3.433599999999999568e+02,3.348499999999999659e+02
5.290000000000000000e+02,0.000000000000000000e+00,5.000000000000000000e+01,3.430299999999999727e+02,3.349399999999999977e+02
5.300000000000000000e+02,0.000000000000000000e+00,5.000000000000000000e+01,3.427400000000000091e+02,3.348199999999999932e+02
5.310000000000000000e+02,0.000000000000000000e+00,5.000000000000000000e+01,3.426499999999999773e+02,3.347799999999999727e+02
5.320000000000000000e+02,0.000000000000000000e+00,5.000000000000000000e+01,3.423899999999999864e+02,3.346499999999999773e+02
5.330000000000000000e+02,0.000000000000000000e+00,5.000000000000000000e+01,3.420699999999999932e+02,3.345599999999999454e+02
5.340000000000000000e+02,0.000000000000000000e+00,5.000000000000000000e+01,3.418700000000000045e+02,3.346200000000000045e+02
5.350000000000000000e+02,0.000000000000000000e+00,5.000000000000000000e+01,3.417400000000000091e+02,3.346899999999999977e+02
5.360000000000000000e+02,0.000000000000000000e+00,5.000000000000000000e+01,3.414199999999999591e+02,3.347199999999999704e+02
5.370000000000000000e+02,0.000000000000000000e+00,5.000000000000000000e+01,3.412599999999999909e+02,3.345899999999999750e+02
5.380000000000000000e+02,0.000000000000000000e+00,5.000000000000000000e+01,3.410999999999999659e+02,3.344299999999999500e+02
5.390000000000000000e+02,0.000000000000000000e+00,5.000000000000000000e+01,3.407799999999999727e+02,3.343299999999999841e+02
5.400000000000000000e+02,0.000000000000000000e+00,5.000000000000000000e+01,3.404900000000000091e+02,3.345299999999999727e+02
5.410000000000000000e+02,0.000000000000000000e+00,0.000000000000000000e+00,3.404199999999999591e+02,3.345299999999999727e+02
5.420000000000000000e+02,0.000000000000000000e+00,0.000000000000000000e+00,3.401299999999999955e+02,3.343299999999999841e+02
5.430000000000000000e+02,0.000000000000000000e+00,0.000000000000000000e+00,3.398099999999999454e+02,3.342699999999999818e+02
5.440000000000000000e+02,0.000000000000000000e+00,0.000000000000000000e+00,3.395499999999999545e+02,3.341999999999999886e+02
5.450000000000000000e+02,0.000000000000000000e+00,0.000000000000000000e+00,3.394900000000000091e+02,3.340399999999999636e+02
5.460000000000000000e+02,0.000000000000000000e+00,0.000000000000000000e+00,3.391699999999999591e+02,3.340099999999999909e+02
5.470000000000000000e+02,0.000000000000000000e+00,0.000000000000000000e+00,3.388399999999999750e+02,3.340099999999999909e+02
5.480000000000000000e+02,0.000000000000000000e+00,0.000000000000000000e+00,3.388399999999999750e+02,3.340099999999999909e+02
5.490000000000000000e+02,0.000000000000000000e+00,0.000000000000000000e+00,3.385199999999999818e+02,3.340099999999999909e+02
5.500000000000000000e+02,0.000000000000000000e+00,0.000000000000000000e+00,3.381999999999999886e+02,3.338799999999999955e+02
5.510000000000000000e+02,0.000000000000000000e+00,0.000000000000000000e+00,3.380999999999999659e+02,3.337199999999999704e+02
5.520000000000000000e+02,0.000000000000000000e+00,0.000000000000000000e+00,3.378799999999999955e+02,3.336899999999999977e+02
5.530000000000000000e+02,0.000000000000000000e+00,0.000000000000000000e+00,3.375499999999999545e+02,3.336899999999999977e+02
5.540000000000000000e+02,0.000000000000000000e+00,0.000000000000000000e+00,3.374599999999999795e+02,3.336499999999999773e+02
5.550000000000000000e+02,0.000000000000000000e+00,0.000000000000000000e+00,3.372299999999999613e+02,3.334299999999999500e+02
5.560000000000000000e+02,0.000000000000000000e+00,0.000000000000000000e+00,3.369099999999999682e+02,3.333599999999999568e+02
5.570000000000000000e+02,0.000000000000000000e+00,0.000000000000000000e+00,3.368099999999999454e+02,3.333599999999999568e+02
5.580000000000000000e+02,0.000000000000000000e+00,0.000000000000000000e+00,3.365899999999999750e+02,3.331399999999999864e+02
5.590000000000000000e+02,0.000000000000000000e+00,0.000000000000000000e+00,3.362699999999999818e+02,3.330399999999999636e+02
5.600000000000000000e+02,0.000000000000000000e+00,0.000000000000000000e+00,3.360999999999999659e+02,3.330399999999999636e+02
5.610000000000000000e+02,0.000000000000000000e+00,0.000000000000000000e+00,3.359399999999999977e+02,3.329499999999999886e+02
5.620000000000000000e+02,0.000000000000000000e+00,0.000000000000000000e+00,3.356200000000000045e+02,3.327199999999999704e+02
5.630000000000000000e+02,0.000000000000000000e+00,0.000000000000000000e+00,3.355199999999999818e+02,3.327199999999999704e+02
5.640000000000000000e+02,0.000000000000000000e+00,0.000000000000000000e+00,3.352999999999999545e+02,3.325299999999999727e+02
5.650000000000000000e+02,0.000000000000000000e+00,0.000000000000000000e+00,3.349799999999999613e+02,3.323999999999999773e+02
5.660000000000000000e+02,0.000000000000000000e+00,0.000000000000000000e+00,3.349399999999999977e+02,3.323999999999999773e+02
5.670000000000000000e+02,0.000000000000000000e+00,0.000000000000000000e+00,3.346499999999999773e+02,3.320799999999999841e+02
5.680000000000000000e+02,0.000000000000000000e+00,0.000000000000000000e+00,3.343299999999999841e+02,3.320799999999999841e+02
5.690000000000000000e+02,0.000000000000000000e+00,0.000000000000000000e+00,3.342699999999999818e+02,3.318499999999999659e+02
5.700000000000000000e+02,0.000000000000000000e+00,0.000000000000000000e+00,3.340099999999999909e+02,3.317500000000000000e+02
5.710000000000000000e+02,0.000000000000000000e+00,0.000000000000000000e+00,3.337500000000000000e+02,3.317199999999999704e+02
5.720000000000000000e+02,0.000000000000000000e+00,0.000000000000000000e+00,3.336899999999999977e+02,3.314299999999999500e+02
5.730000000000000000e+02,0.000000000000000000e+00,0.000000000000000000e+00,3.333599999999999568e+02,3.314299999999999500e+02
5.740000000000000000e+02,0.000000000000000000e+00,0.000000000000000000e+00,3.332699999999999818e+02,3.312699999999999818e+02
5.750000000000000000e+02,0.000000000000000000e+00,0.000000000000000000e+00,3.330399999999999636e+02,3.311099999999999568e+02
5.760000000000000000e+02,0.000000000000000000e+00,0.000000000000000000e+00,3.327500000000000000e+02,3.310799999999999841e+02
5.770000000000000000e+02,0.000000000000000000e+00,0.000000000000000000e+00,3.327199999999999704e+02,3.307899999999999636e+02
5.780000000000000000e+02,0.000000000000000000e+00,0.000000000000000000e+00,3.323999999999999773e+02,3.307899999999999636e+02
5.790000000000000000e+02,0.000000000000000000e+00,0.000000000000000000e+00,3.321999999999999886e+02,3.305599999999999454e+02
5.800000000000000000e+02,0.000000000000000000e+00,0.000000000000000000e+00,3.320799999999999841e+02,3.304599999999999795e+02
5.810000000000000000e+02,0.000000000000000000e+00,0.000000000000000000e+00,3.317500000000000000e+02,3.302400000000000091e+02
5.820000000000000000e+02,0.000000000000000000e+00,0.000000000000000000e+00,3.316899999999999977e+02,3.301399999999999864e+02
5.830000000000000000e+02,0.000000000000000000e+00,0.000000000000000000e+00,3.314299999999999500e+02,3.301099999999999568e+02
5.840000000000000000e+02,0.000000000000000000e+00,0.000000000000000000e+00,3.313700000000000045e+02,3.298199999999999932e+02
5.850000000000000000e+02,0.000000000000000000e+00,0.000000000000000000e+00,3.311099999999999568e+02,3.297899999999999636e+02
5.860000000000000000e+02,0.000000000000000000e+00,0.000000000000000000e+00,3.308199999999999932e+02,3.295000000000000000e+02
5.870000000000000000e+02,0.000000000000000000e+00,0.000000000000000000e+00,3.307899999999999636e+02,3.295000000000000000e+02
5.880000000000000000e+02,0.000000000000000000e+00,0.000000000000000000e+00,3.304599999999999795e+02,3.291799999999999500e+02
5.890000000000000000e+02,0.000000000000000000e+00,0.000000000000000000e+00,3.304599999999999795e+02,3.291799999999999500e+02
5.900000000000000000e+02,0.000000000000000000e+00,0.000000000000000000e+00,3.301399999999999864e+02,3.288899999999999864e+02
5.910000000000000000e+02,0.000000000000000000e+00,0.000000000000000000e+00,3.299199999999999591e+02,3.288499999999999659e+02
5.920000000000000000e+02,0.000000000000000000e+00,0.000000000000000000e+00,3.298199999999999932e+02,3.286899999999999977e+02
5.930000000000000000e+02,0.000000000000000000e+00,0.000000000000000000e+00,3.295299999999999727e+02,3.285299999999999727e+02
5.940000000000000000e+02,0.000000000000000000e+00,0.000000000000000000e+00,3.294699999999999704e+02,3.285299999999999727e+02
5.950000000000000000e+02,0.000000000000000000e+00,0.000000000000000000e+00,3.291799999999999500e+02,3.282099999999999795e+02
5.960000000000000000e+02,0.000000000000000000e+00,0.000000000000000000e+00,3.291099999999999568e+02,3.281799999999999500e+02
5.970000000000000000e+02,0.000000000000000000e+00,0.000000000000000000e+00,3.288499999999999659e+02,3.278899999999999864e+02
5.980000000000000000e+02,0.000000000000000000e+00,0.000000000000000000e+00,3.287899999999999636e+02,3.278899999999999864e+02
5.990000000000000000e+02,0.000000000000000000e+00,0.000000000000000000e+00,3.285299999999999727e+02,3.275599999999999454e+02
6.000000000000000000e+02,0.000000000000000000e+00,0.000000000000000000e+00,3.282699999999999818e+02,3.275599999999999454e+02
