Time (sec), Heater 1 (%), Heater 2 (%), Temperature 1 (degC), Temperature 2 (degC)
0.000000000000000000e+00,5.000000000000000000e+01,0.000000000000000000e+00,2.972699999999999818e+02,2.979199999999999591e+02
1.000000000000000000e+00,5.000000000000000000e+01,0.000000000000000000e+00,2.972699999999999818e+02,2.979199999999999591e+02
2.000000000000000000e+00,5.000000000000000000e+01,0.000000000000000000e+00,2.972699999999999818e+02,2.979199999999999591e+02
3.000000000000000000e+00,5.000000000000000000e+01,0.000000000000000000e+00,2.972699999999999818e+02,2.979199999999999591e+02
4.000000000000000000e+00,5.000000000000000000e+01,0.000000000000000000e+00,2.972699999999999818e+02,2.979199999999999591e+02
5.000000000000000000e+00,5.000000000000000000e+01,0.000000000000000000e+00,2.972699999999999818e+02,2.979199999999999591e+02
6.000000000000000000e+00,5.000000000000000000e+01,0.000000000000000000e+00,2.972699999999999818e+02,2.979199999999999591e+02
7.000000000000000000e+00,5.000000000000000000e+01,0.000000000000000000e+00,2.972699999999999818e+02,2.979199999999999591e+02
8.000000000000000000e+00,5.000000000000000000e+01,0.000000000000000000e+00,2.972699999999999818e+02,2.979199999999999591e+02
9.000000000000000000e+00,5.000000000000000000e+01,0.000000000000000000e+00,2.972699999999999818e+02,2.979199999999999591e+02
1.000000000000000000e+01,5.000000000000000000e+01,0.000000000000000000e+00,2.972999999999999545e+02,2.979199999999999591e+02
1.100000000000000000e+01,5.000000000000000000e+01,0.000000000000000000e+00,2.975600000000000023e+02,2.979199999999999591e+02
1.200000000000000000e+01,5.000000000000000000e+01,0.000000000000000000e+00,2.975899999999999750e+02,2.979199999999999591e+02
1.300000000000000000e+01,5.000000000000000000e+01,0.000000000000000000e+00,2.975899999999999750e+02,2.979199999999999591e+02
1.400000000000000000e+01,5.000000000000000000e+01,0.000000000000000000e+00,2.975899999999999750e+02,2.979199999999999591e+02
1.500000000000000000e+01,5.000000000000000000e+01,0.000000000000000000e+00,2.976899999999999977e+02,2.979199999999999591e+02
1.600000000000000000e+01,5.000000000000000000e+01,0.000000000000000000e+00,2.979199999999999591e+02,2.979199999999999591e+02
1.700000000000000000e+01,5.000000000000000000e+01,0.000000000000000000e+00,2.979199999999999591e+02,2.979199999999999591e+02
1.800000000000000000e+01,5.000000000000000000e+01,0.000000000000000000e+00,2.980399999999999636e+02,2.979199999999999591e+02
1.900000000000000000e+01,5.000000000000000000e+01,0.000000000000000000e+00,2.982399999999999523e+02,2.979199999999999591e+02
2.000000000000000000e+01,5.000000000000000000e+01,0.000000000000000000e+00,2.982399999999999523e+02,2.979199999999999591e+02
2.100000000000000000e+01,5.000000000000000000e+01,0.000000000000000000e+00,2.984599999999999795e+02,2.979199999999999591e+02
2.200000000000000000e+01,5.000000000000000000e+01,0.000000000000000000e+00,2.985600000000000023e+02,2.979199999999999591e+02
2.300000000000000000e+01,5.000000000000000000e+01,0.000000000000000000e+00,2.986599999999999682e+02,2.979199999999999591e+02
2.400000000000000000e+01,5.000000000000000000e+01,0.000000000000000000e+00,2.988799999999999955e+02,2.979199999999999591e+02
2.500000000000000000e+01,5.000000000000000000e+01,0.000000000000000000e+00,2.989099999999999682e+02,2.978799999999999955e+02
2.600000000000000000e+01,5.000000000000000000e+01,0.000000000000000000e+00,2.991999999999999886e+02,2.979199999999999591e+02
2.700000000000000000e+01,5.000000000000000000e+01,0.000000000000000000e+00,2.992699999999999818e+02,2.979199999999999591e+02
2.800000000000000000e+01,5.000000000000000000e+01,0.000000000000000000e+00,2.995299999999999727e+02,2.979199999999999591e+02
2.900000000000000000e+01,5.000000000000000000e+01,0.000000000000000000e+00,2.995299999999999727e+02,2.979199999999999591e+02
3.000000000000000000e+01,5.000000000000000000e+01,0.000000000000000000e+00,2.998499999999999659e+02,2.979199999999999591e+02
3.100000000000000000e+01,5.000000000000000000e+01,0.000000000000000000e+00,2.999499999999999886e+02,2.979199999999999591e+02
3.200000000000000000e+01,5.000000000000000000e+01,0.000000000000000000e+00,3.001699999999999591e+02,2.979199999999999591e+02
3.300000000000000000e+01,5.000000000000000000e+01,0.000000000000000000e+00,3.001999999999999886e+02,2.979199999999999591e+02
3.400000000000000000e+01,5.000000000000000000e+01,0.000000000000000000e+00,3.004899999999999523e+02,2.979199999999999591e+02
3.500000000000000000e+01,5.000000000000000000e+01,0.000000000000000000e+00,3.005600000000000023e+02,2.979199999999999591e+02
3.600000000000000000e+01,5.000000000000000000e+01,0.000000000000000000e+00,3.008199999999999932e+02,2.979199999999999591e+02
3.700000000000000000e+01,5.000000000000000000e+01,0.000000000000000000e+00,3.010399999999999636e+02,2.979199999999999591e+02
3.800000000000000000e+01,5.000000000000000000e+01,0.000000000000000000e+00,3.011399999999999864e+02,2.979199999999999591e+02
3.900000000000000000e+01,5.000000000000000000e+01,0.000000000000000000e+00,3.012999999999999545e+02,2.979199999999999591e+02
4.000000000000000000e+01,5.000000000000000000e+01,0.000000000000000000e+00,3.014599999999999795e+02,2.979199999999999591e+02
4.100000000000000000e+01,5.000000000000000000e+01,0.000000000000000000e+00,3.017500000000000000e+02,2.979199999999999591e+02
4.200000000000000000e+01,5.000000000000000000e+01,0.000000000000000000e+00,3.017799999999999727e+02,2.979199999999999591e+02
4.300000000000000000e+01,5.000000000000000000e+01,0.000000000000000000e+00,3.021099999999999568e+02,2.979199999999999591e+02
4.400000000000000000e+01,5.000000000000000000e+01,0.000000000000000000e+00,3.021099999999999568e+02,2.979199999999999591e+02
4.500000000000000000e+01,5.000000000000000000e+01,0.000000000000000000e+00,3.024299999999999500e+02,2.979199999999999591e+02
4.600000000000000000e+01,5.000000000000000000e+01,0.000000000000000000e+00,3.025899999999999750e+02,2.979199999999999591e+02
4.700000000000000000e+01,5.000000000000000000e+01,0.000000000000000000e+00,3.027500000000000000e+02,2.979199999999999591e+02
4.800000000000000000e+01,5.000000000000000000e+01,0.000000000000000000e+00,3.030699999999999932e+02,2.979199999999999591e+02
4.900000000000000000e+01,5.000000000000000000e+01,0.000000000000000000e+00,3.030999999999999659e+02,2.979199999999999591e+02
5.000000000000000000e+01,5.000000000000000000e+01,0.000000000000000000e+00,3.033899999999999864e+02,2.979199999999999591e+02
5.100000000000000000e+01,5.000000000000000000e+01,0.000000000000000000e+00,3.034299999999999500e+02,2.980399999999999636e+02
5.200000000000000000e+01,5.000000000000000000e+01,0.000000000000000000e+00,3.037199999999999704e+02,2.980799999999999841e+02
5.300000000000000000e+01,5.000000000000000000e+01,0.000000000000000000e+00,3.039699999999999704e+02,2.980099999999999909e+02
5.400000000000000000e+01,5.000000000000000000e+01,0.000000000000000000e+00,3.040399999999999636e+02,2.981699999999999591e+02
5.500000000000000000e+01,5.000000000000000000e+01,0.000000000000000000e+00,3.043599999999999568e+02,2.982099999999999795e+02
5.600000000000000000e+01,5.000000000000000000e+01,0.000000000000000000e+00,3.043599999999999568e+02,2.982399999999999523e+02
5.700000000000000000e+01,5.000000000000000000e+01,0.000000000000000000e+00,3.046799999999999500e+02,2.982399999999999523e+02
5.800000000000000000e+01,5.000000000000000000e+01,0.000000000000000000e+00,3.047199999999999704e+02,2.982399999999999523e+02
5.900000000000000000e+01,5.000000000000000000e+01,0.000000000000000000e+00,3.050099999999999909e+02,2.982399999999999523e+02
6.000000000000000000e+01,5.000000000000000000e+01,0.000000000000000000e+00,3.050999999999999659e+02,2.982399999999999523e+02
6.100000000000000000e+01,5.000000000000000000e+01,0.000000000000000000e+00,3.053299999999999841e+02,2.982399999999999523e+02
6.200000000000000000e+01,5.000000000000000000e+01,0.000000000000000000e+00,3.056499999999999773e+02,2.982399999999999523e+02
6.300000000000000000e+01,5.000000000000000000e+01,0.000000000000000000e+00,3.056799999999999500e+02,2.982399999999999523e+02
6.400000000000000000e+01,5.000000000000000000e+01,0.000000000000000000e+00,3.059699999999999704e+02,2.982399999999999523e+02
6.500000000000000000e+01,5.000000000000000000e+01,0.000000000000000000e+00,3.060000000000000000e+02,2.982399999999999523e+02
6.600000000000000000e+01,5.000000000000000000e+01,0.000000000000000000e+00,3.062899999999999636e+02,2.982699999999999818e+02
6.700000000000000000e+01,5.000000000000000000e+01,0.000000000000000000e+00,3.064599999999999795e+02,2.982699999999999818e+02
6.800000000000000000e+01,5.000000000000000000e+01,0.000000000000000000e+00,3.066200000000000045e+02,2.983299999999999841e+02
6.900000000000000000e+01,5.000000000000000000e+01,0.000000000000000000e+00,3.069399999999999977e+02,2.983999999999999773e+02
7.000000000000000000e+01,5.000000000000000000e+01,0.000000000000000000e+00,3.069399999999999977e+02,2.985000000000000000e+02
7.100000000000000000e+01,5.000000000000000000e+01,0.000000000000000000e+00,3.071999999999999886e+02,2.985299999999999727e+02
7.200000000000000000e+01,5.000000000000000000e+01,0.000000000000000000e+00,3.072599999999999909e+02,2.985600000000000023e+02
7.300000000000000000e+01,5.000000000000000000e+01,0.000000000000000000e+00,3.075799999999999841e+02,2.985600000000000023e+02
7.400000000000000000e+01,5.000000000000000000e+01,0.000000000000000000e+00,3.075799999999999841e+02,2.985600000000000023e+02
7.500000000000000000e+01,5.000000000000000000e+01,0.000000000000000000e+00,3.079099999999999682e+02,2.985600000000000023e+02
7.600000000000000000e+01,5.000000000000000000e+01,0.000000000000000000e+00,3.079399999999999977e+02,2.985600000000000023e+02
7.700000000000000000e+01,5.000000000000000000e+01,0.000000000000000000e+00,3.082299999999999613e+02,2.985600000000000023e+02
7.800000000000000000e+01,5.000000000000000000e+01,0.000000000000000000e+00,3.082599999999999909e+02,2.985899999999999750e+02
7.900000000000000000e+01,5.000000000000000000e+01,0.000000000000000000e+00,3.085499999999999545e+02,2.985600000000000023e+02
8.000000000000000000e+01,5.000000000000000000e+01,0.000000000000000000e+00,3.085799999999999841e+02,2.986200000000000045e+02
8.100000000000000000e+01,5.000000000000000000e+01,0.000000000000000000e+00,3.088700000000000045e+02,2.987500000000000000e+02
8.200000000000000000e+01,5.000000000000000000e+01,0.000000000000000000e+00,3.090000000000000000e+02,2.987199999999999704e+02
8.300000000000000000e+01,5.000000000000000000e+01,0.000000000000000000e+00,3.091899999999999977e+02,2.988499999999999659e+02
8.400000000000000000e+01,5.000000000000000000e+01,0.000000000000000000e+00,3.092299999999999613e+02,2.988799999999999955e+02
8.500000000000000000e+01,5.000000000000000000e+01,0.000000000000000000e+00,3.095199999999999818e+02,2.988799999999999955e+02
8.600000000000000000e+01,5.000000000000000000e+01,0.000000000000000000e+00,3.095499999999999545e+02,2.988799999999999955e+02
8.700000000000000000e+01,5.000000000000000000e+01,0.000000000000000000e+00,3.098399999999999750e+02,2.988799999999999955e+02
8.800000000000000000e+01,5.000000000000000000e+01,0.000000000000000000e+00,3.099399999999999977e+02,2.988799999999999955e+02
8.900000000000000000e+01,5.000000000000000000e+01,0.000000000000000000e+00,3.101599999999999682e+02,2.988799999999999955e+02
9.000000000000000000e+01,5.000000000000000000e+01,0.000000000000000000e+00,3.102299999999999613e+02,2.989099999999999682e+02
9.100000000000000000e+01,5.000000000000000000e+01,0.000000000000000000e+00,3.104799999999999613e+02,2.991099999999999568e+02
9.200000000000000000e+01,5.000000000000000000e+01,0.000000000000000000e+00,3.105199999999999818e+02,2.990399999999999636e+02
9.300000000000000000e+01,5.000000000000000000e+01,0.000000000000000000e+00,3.108099999999999454e+02,2.991399999999999864e+02
9.400000000000000000e+01,5.000000000000000000e+01,0.000000000000000000e+00,3.108399999999999750e+02,2.991699999999999591e+02
9.500000000000000000e+01,5.000000000000000000e+01,0.000000000000000000e+00,3.111299999999999955e+02,2.991699999999999591e+02
9.600000000000000000e+01,5.000000000000000000e+01,0.000000000000000000e+00,3.111299999999999955e+02,2.991999999999999886e+02
9.700000000000000000e+01,5.000000000000000000e+01,0.000000000000000000e+00,3.114499999999999886e+02,2.991999999999999886e+02
9.800000000000000000e+01,5.000000000000000000e+01,0.000000000000000000e+00,3.114499999999999886e+02,2.991999999999999886e+02
9.900000000000000000e+01,5.000000000000000000e+01,0.000000000000000000e+00,3.117099999999999795e+02,2.991999999999999886e+02
1.000000000000000000e+02,5.000000000000000000e+01,0.000000000000000000e+00,3.117699999999999818e+02,2.991999999999999886e+02
1.010000000000000000e+02,5.000000000000000000e+01,0.000000000000000000e+00,3.120000000000000000e+02,2.992699999999999818e+02
1.020000000000000000e+02,5.000000000000000000e+01,0.000000000000000000e+00,3.120999999999999659e+02,2.994299999999999500e+02
1.030000000000000000e+02,5.000000000000000000e+01,0.000000000000000000e+00,3.122899999999999636e+02,2.995299999999999727e+02
1.040000000000000000e+02,5.000000000000000000e+01,0.000000000000000000e+00,3.124199999999999591e+02,2.995299999999999727e+02
1.050000000000000000e+02,5.000000000000000000e+01,0.000000000000000000e+00,3.125099999999999909e+02,2.995299999999999727e+02
1.060000000000000000e+02,5.000000000000000000e+01,0.000000000000000000e+00,3.127400000000000091e+02,2.995299999999999727e+02
1.070000000000000000e+02,5.000000000000000000e+01,0.000000000000000000e+00,3.127699999999999818e+02,2.995299999999999727e+02
1.080000000000000000e+02,5.000000000000000000e+01,0.000000000000000000e+00,3.130599999999999454e+02,2.995299999999999727e+02
1.090000000000000000e+02,5.000000000000000000e+01,0.000000000000000000e+00,3.130899999999999750e+02,2.995299999999999727e+02
1.100000000000000000e+02,5.000000000000000000e+01,0.000000000000000000e+00,3.133499999999999659e+02,2.995299999999999727e+02
1.110000000000000000e+02,5.000000000000000000e+01,0.000000000000000000e+00,3.133799999999999955e+02,2.995600000000000023e+02
1.120000000000000000e+02,5.000000000000000000e+01,0.000000000000000000e+00,3.135499999999999545e+02,2.997199999999999704e+02
1.130000000000000000e+02,5.000000000000000000e+01,0.000000000000000000e+00,3.137099999999999795e+02,2.998499999999999659e+02
1.140000000000000000e+02,5.000000000000000000e+01,0.000000000000000000e+00,3.137400000000000091e+02,2.998499999999999659e+02
1.150000000000000000e+02,5.000000000000000000e+01,0.000000000000000000e+00,3.140299999999999727e+02,2.998499999999999659e+02
1.160000000000000000e+02,5.000000000000000000e+01,0.000000000000000000e+00,3.140299999999999727e+02,2.998499999999999659e+02
1.170000000000000000e+02,5.000000000000000000e+01,0.000000000000000000e+00,3.143499999999999659e+02,2.998499999999999659e+02
1.180000000000000000e+02,5.000000000000000000e+01,0.000000000000000000e+00,3.143499999999999659e+02,2.998499999999999659e+02
1.190000000000000000e+02,5.000000000000000000e+01,0.000000000000000000e+00,3.146399999999999864e+02,3.000399999999999636e+02
1.200000000000000000e+02,5.000000000000000000e+01,0.000000000000000000e+00,3.146699999999999591e+02,3.000399999999999636e+02
1.210000000000000000e+02,1.000000000000000000e+02,0.000000000000000000e+00,3.147099999999999795e+02,3.001399999999999864e+02
1.220000000000000000e+02,1.000000000000000000e+02,0.000000000000000000e+00,3.150000000000000000e+02,3.001699999999999591e+02
1.230000000000000000e+02,1.000000000000000000e+02,0.000000000000000000e+00,3.150000000000000000e+02,3.001699999999999591e+02
1.240000000000000000e+02,1.000000000000000000e+02,0.000000000000000000e+00,3.152500000000000000e+02,3.001699999999999591e+02
1.250000000000000000e+02,1.000000000000000000e+02,0.000000000000000000e+00,3.153199999999999932e+02,3.001699999999999591e+02
1.260000000000000000e+02,1.000000000000000000e+02,0.000000000000000000e+00,3.155399999999999636e+02,3.001699999999999591e+02
1.270000000000000000e+02,1.000000000000000000e+02,0.000000000000000000e+00,3.156399999999999864e+02,3.001999999999999886e+02
1.280000000000000000e+02,1.000000000000000000e+02,0.000000000000000000e+00,3.158299999999999841e+02,3.003599999999999568e+02
1.290000000000000000e+02,1.000000000000000000e+02,0.000000000000000000e+00,3.159599999999999795e+02,3.004899999999999523e+02
1.300000000000000000e+02,1.000000000000000000e+02,0.000000000000000000e+00,3.160899999999999750e+02,3.004599999999999795e+02
1.310000000000000000e+02,1.000000000000000000e+02,0.000000000000000000e+00,3.162799999999999727e+02,3.004899999999999523e+02
1.320000000000000000e+02,1.000000000000000000e+02,0.000000000000000000e+00,3.165399999999999636e+02,3.004899999999999523e+02
1.330000000000000000e+02,1.000000000000000000e+02,0.000000000000000000e+00,3.166099999999999568e+02,3.004899999999999523e+02
1.340000000000000000e+02,1.000000000000000000e+02,0.000000000000000000e+00,3.169299999999999500e+02,3.004899999999999523e+02
1.350000000000000000e+02,1.000000000000000000e+02,0.000000000000000000e+00,3.171499999999999773e+02,3.005299999999999727e+02
1.360000000000000000e+02,1.000000000000000000e+02,0.000000000000000000e+00,3.172799999999999727e+02,3.006200000000000045e+02
1.370000000000000000e+02,1.000000000000000000e+02,0.000000000000000000e+00,3.175699999999999932e+02,3.007500000000000000e+02
1.380000000000000000e+02,1.000000000000000000e+02,0.000000000000000000e+00,3.178999999999999773e+02,3.008199999999999932e+02
1.390000000000000000e+02,1.000000000000000000e+02,0.000000000000000000e+00,3.180299999999999727e+02,3.008199999999999932e+02
1.400000000000000000e+02,1.000000000000000000e+02,0.000000000000000000e+00,3.182799999999999727e+02,3.008199999999999932e+02
1.410000000000000000e+02,1.000000000000000000e+02,0.000000000000000000e+00,3.185399999999999636e+02,3.008199999999999932e+02
1.420000000000000000e+02,1.000000000000000000e+02,0.000000000000000000e+00,3.188599999999999568e+02,3.008499999999999659e+02
1.430000000000000000e+02,1.000000000000000000e+02,0.000000000000000000e+00,3.191499999999999773e+02,3.010699999999999932e+02
1.440000000000000000e+02,1.000000000000000000e+02,0.000000000000000000e+00,3.193799999999999955e+02,3.011399999999999864e+02
1.450000000000000000e+02,1.000000000000000000e+02,0.000000000000000000e+00,3.195999999999999659e+02,3.011399999999999864e+02
1.460000000000000000e+02,1.000000000000000000e+02,0.000000000000000000e+00,3.198299999999999841e+02,3.011399999999999864e+02
1.470000000000000000e+02,1.000000000000000000e+02,0.000000000000000000e+00,3.201499999999999773e+02,3.011399999999999864e+02
1.480000000000000000e+02,1.000000000000000000e+02,0.000000000000000000e+00,3.204699999999999704e+02,3.011399999999999864e+02
1.490000000000000000e+02,1.000000000000000000e+02,0.000000000000000000e+00,3.207999999999999545e+02,3.011999999999999886e+02
1.500000000000000000e+02,1.000000000000000000e+02,0.000000000000000000e+00,3.211200000000000045e+02,3.012999999999999545e+02
1.510000000000000000e+02,1.000000000000000000e+02,0.000000000000000000e+00,3.213799999999999955e+02,3.014299999999999500e+02
1.520000000000000000e+02,1.000000000000000000e+02,0.000000000000000000e+00,3.215099999999999909e+02,3.014599999999999795e+02
1.530000000000000000e+02,1.000000000000000000e+02,0.000000000000000000e+00,3.218899999999999864e+02,3.014599999999999795e+02
1.540000000000000000e+02,1.000000000000000000e+02,0.000000000000000000e+00,3.221200000000000045e+02,3.014599999999999795e+02
1.550000000000000000e+02,1.000000000000000000e+02,0.000000000000000000e+00,3.224099999999999682e+02,3.014599999999999795e+02
1.560000000000000000e+02,1.000000000000000000e+02,0.000000000000000000e+00,3.227299999999999613e+02,3.015600000000000023e+02
1.570000000000000000e+02,1.000000000000000000e+02,0.000000000000000000e+00,3.230499999999999545e+02,3.017799999999999727e+02
1.580000000000000000e+02,1.000000000000000000e+02,0.000000000000000000e+00,3.233700000000000045e+02,3.017799999999999727e+02
1.590000000000000000e+02,1.000000000000000000e+02,0.000000000000000000e+00,3.236999999999999886e+02,3.017799999999999727e+02
1.600000000000000000e+02,1.000000000000000000e+02,0.000000000000000000e+00,3.240199999999999818e+02,3.017799999999999727e+02
1.610000000000000000e+02,1.000000000000000000e+02,0.000000000000000000e+00,3.243399999999999750e+02,3.019099999999999682e+02
1.620000000000000000e+02,1.000000000000000000e+02,0.000000000000000000e+00,3.246299999999999955e+02,3.020099999999999909e+02
1.630000000000000000e+02,1.000000000000000000e+02,0.000000000000000000e+00,3.249900000000000091e+02,3.020699999999999932e+02
1.640000000000000000e+02,1.000000000000000000e+02,0.000000000000000000e+00,3.252099999999999795e+02,3.021099999999999568e+02
1.650000000000000000e+02,1.000000000000000000e+02,0.000000000000000000e+00,3.255000000000000000e+02,3.021099999999999568e+02
1.660000000000000000e+02,1.000000000000000000e+02,0.000000000000000000e+00,3.257299999999999613e+02,3.021099999999999568e+02
1.670000000000000000e+02,1.000000000000000000e+02,0.000000000000000000e+00,3.261099999999999568e+02,3.023299999999999841e+02
1.680000000000000000e+02,1.000000000000000000e+02,0.000000000000000000e+00,3.262799999999999727e+02,3.024299999999999500e+02
1.690000000000000000e+02,1.000000000000000000e+02,0.000000000000000000e+00,3.266299999999999955e+02,3.024299999999999500e+02
1.700000000000000000e+02,1.000000000000000000e+02,0.000000000000000000e+00,3.269199999999999591e+02,3.024299999999999500e+02
1.710000000000000000e+02,1.000000000000000000e+02,0.000000000000000000e+00,3.272400000000000091e+02,3.024299999999999500e+02
1.720000000000000000e+02,1.000000000000000000e+02,0.000000000000000000e+00,3.275599999999999454e+02,3.026200000000000045e+02
1.730000000000000000e+02,1.000000000000000000e+02,0.000000000000000000e+00,3.278899999999999864e+02,3.027500000000000000e+02
1.740000000000000000e+02,1.000000000000000000e+02,0.000000000000000000e+00,3.282099999999999795e+02,3.027500000000000000e+02
1.750000000000000000e+02,1.000000000000000000e+02,0.000000000000000000e+00,3.285299999999999727e+02,3.027500000000000000e+02
1.760000000000000000e+02,1.000000000000000000e+02,0.000000000000000000e+00,3.288199999999999932e+02,3.027500000000000000e+02
1.770000000000000000e+02,1.000000000000000000e+02,0.000000000000000000e+00,3.290799999999999841e+02,3.030099999999999909e+02
1.780000000000000000e+02,1.000000000000000000e+02,0.000000000000000000e+00,3.293399999999999750e+02,3.030699999999999932e+02
1.790000000000000000e+02,1.000000000000000000e+02,0.000000000000000000e+00,3.296899999999999977e+02,3.030699999999999932e+02
1.800000000000000000e+02,1.000000000000000000e+02,0.000000000000000000e+00,3.298799999999999955e+02,3.030699999999999932e+02
1.810000000000000000e+02,1.000000000000000000e+02,0.000000000000000000e+00,3.301399999999999864e+02,3.030999999999999659e+02
1.820000000000000000e+02,1.000000000000000000e+02,0.000000000000000000e+00,3.304599999999999795e+02,3.033899999999999864e+02
1.830000000000000000e+02,1.000000000000000000e+02,0.000000000000000000e+00,3.307899999999999636e+02,3.033899999999999864e+02
1.840000000000000000e+02,1.000000000000000000e+02,0.000000000000000000e+00,3.311099999999999568e+02,3.033899999999999864e+02
1.850000000000000000e+02,1.000000000000000000e+02,0.000000000000000000e+00,3.314299999999999500e+02,3.033899999999999864e+02
1.860000000000000000e+02,1.000000000000000000e+02,0.000000000000000000e+00,3.316599999999999682e+02,3.035899999999999750e+02
1.870000000000000000e+02,1.000000000000000000e+02,0.000000000000000000e+00,3.318499999999999659e+02,3.037199999999999704e+02
1.880000000000000000e+02,1.000000000000000000e+02,0.000000000000000000e+00,3.321399999999999864e+02,3.037199999999999704e+02
1.890000000000000000e+02,1.000000000000000000e+02,0.000000000000000000e+00,3.323999999999999773e+02,3.037199999999999704e+02
1.900000000000000000e+02,1.000000000000000000e+02,0.000000000000000000e+00,3.327199999999999704e+02,3.038799999999999955e+02
1.910000000000000000e+02,1.000000000000000000e+02,0.000000000000000000e+00,3.330399999999999636e+02,3.040399999999999636e+02
1.920000000000000000e+02,1.000000000000000000e+02,0.000000000000000000e+00,3.332999999999999545e+02,3.040399999999999636e+02
1.930000000000000000e+02,1.000000000000000000e+02,0.000000000000000000e+00,3.335599999999999454e+02,3.040399999999999636e+02
1.940000000000000000e+02,1.000000000000000000e+02,0.000000000000000000e+00,3.336899999999999977e+02,3.040699999999999932e+02
1.950000000000000000e+02,1.000000000000000000e+02,0.000000000000000000e+00,3.340099999999999909e+02,3.042999999999999545e+02
1.960000000000000000e+02,1.000000000000000000e+02,0.000000000000000000e+00,3.343299999999999841e+02,3.043599999999999568e+02
1.970000000000000000e+02,1.000000000000000000e+02,0.000000000000000000e+00,3.346200000000000045e+02,3.043599999999999568e+02
1.980000000000000000e+02,1.000000000000000000e+02,0.000000000000000000e+00,3.349399999999999977e+02,3.043899999999999864e+02
1.990000000000000000e+02,1.000000000000000000e+02,0.000000000000000000e+00,3.350699999999999932e+02,3.045899999999999750e+02
2.000000000000000000e+02,1.000000000000000000e+02,0.000000000000000000e+00,3.352999999999999545e+02,3.046799999999999500e+02
2.010000000000000000e+02,1.000000000000000000e+02,0.000000000000000000e+00,3.356200000000000045e+02,3.046799999999999500e+02
2.020000000000000000e+02,1.000000000000000000e+02,0.000000000000000000e+00,3.359399999999999977e+02,3.046799999999999500e+02
2.030000000000000000e+02,1.000000000000000000e+02,0.000000000000000000e+00,3.361999999999999886e+02,3.048399999999999750e+02
2.040000000000000000e+02,1.000000000000000000e+02,0.000000000000000000e+00,3.363599999999999568e+02,3.050099999999999909e+02
2.050000000000000000e+02,1.000000000000000000e+02,0.000000000000000000e+00,3.365899999999999750e+02,3.050099999999999909e+02
2.060000000000000000e+02,1.000000000000000000e+02,0.000000000000000000e+00,3.369099999999999682e+02,3.050399999999999636e+02
2.070000000000000000e+02,1.000000000000000000e+02,0.000000000000000000e+00,3.371699999999999591e+02,3.051999999999999886e+02
2.080000000000000000e+02,1.000000000000000000e+02,0.000000000000000000e+00,3.374599999999999795e+02,3.053299999999999841e+02
2.090000000000000000e+02,1.000000000000000000e+02,0.000000000000000000e+00,3.375899999999999750e+02,3.053299999999999841e+02
2.100000000000000000e+02,1.000000000000000000e+02,0.000000000000000000e+00,3.378799999999999955e+02,3.053599999999999568e+02
2.110000000000000000e+02,1.000000000000000000e+02,0.000000000000000000e+00,3.381999999999999886e+02,3.056200000000000045e+02
2.120000000000000000e+02,1.000000000000000000e+02,0.000000000000000000e+00,3.384900000000000091e+02,3.056499999999999773e+02
2.130000000000000000e+02,1.000000000000000000e+02,0.000000000000000000e+00,3.385499999999999545e+02,3.056499999999999773e+02
2.140000000000000000e+02,1.000000000000000000e+02,0.000000000000000000e+00,3.388399999999999750e+02,3.056799999999999500e+02
2.150000000000000000e+02,1.000000000000000000e+02,0.000000000000000000e+00,3.391699999999999591e+02,3.059399999999999977e+02
2.160000000000000000e+02,1.000000000000000000e+02,0.000000000000000000e+00,3.392299999999999613e+02,3.059699999999999704e+02
2.170000000000000000e+02,1.000000000000000000e+02,0.000000000000000000e+00,3.394900000000000091e+02,3.059699999999999704e+02
2.180000000000000000e+02,1.000000000000000000e+02,0.000000000000000000e+00,3.398099999999999454e+02,3.059699999999999704e+02
2.190000000000000000e+02,1.000000000000000000e+02,0.000000000000000000e+00,3.400399999999999636e+02,3.061699999999999591e+02
2.200000000000000000e+02,1.000000000000000000e+02,0.000000000000000000e+00,3.401299999999999955e+02,3.062899999999999636e+02
2.210000000000000000e+02,1.000000000000000000e+02,0.000000000000000000e+00,3.404499999999999886e+02,3.062899999999999636e+02
2.220000000000000000e+02,1.000000000000000000e+02,0.000000000000000000e+00,3.407099999999999795e+02,3.062899999999999636e+02
2.230000000000000000e+02,1.000000000000000000e+02,0.000000000000000000e+00,3.407799999999999727e+02,3.065199999999999818e+02
2.240000000000000000e+02,1.000000000000000000e+02,0.000000000000000000e+00,3.410999999999999659e+02,3.066200000000000045e+02
2.250000000000000000e+02,1.000000000000000000e+02,0.000000000000000000e+00,3.414199999999999591e+02,3.066200000000000045e+02
2.260000000000000000e+02,1.000000000000000000e+02,0.000000000000000000e+00,3.415799999999999841e+02,3.067500000000000000e+02
2.270000000000000000e+02,1.000000000000000000e+02,0.000000000000000000e+00,3.417400000000000091e+02,3.069399999999999977e+02
2.280000000000000000e+02,1.000000000000000000e+02,0.000000000000000000e+00,3.420699999999999932e+02,3.069399999999999977e+02
2.290000000000000000e+02,1.000000000000000000e+02,0.000000000000000000e+00,3.420999999999999659e+02,3.069399999999999977e+02
2.300000000000000000e+02,1.000000000000000000e+02,0.000000000000000000e+00,3.423899999999999864e+02,3.070399999999999636e+02
2.310000000000000000e+02,1.000000000000000000e+02,0.000000000000000000e+00,3.426799999999999500e+02,3.072599999999999909e+02
2.320000000000000000e+02,1.000000000000000000e+02,0.000000000000000000e+00,3.427699999999999818e+02,3.072599999999999909e+02
2.330000000000000000e+02,1.000000000000000000e+02,0.000000000000000000e+00,3.430299999999999727e+02,3.072599999999999909e+02
2.340000000000000000e+02,1.000000000000000000e+02,0.000000000000000000e+00,3.433199999999999932e+02,3.073599999999999568e+02
2.350000000000000000e+02,1.000000000000000000e+02,0.000000000000000000e+00,3.433599999999999568e+02,3.075199999999999818e+02
2.360000000000000000e+02,1.000000000000000000e+02,0.000000000000000000e+00,3.436799999999999500e+02,3.075799999999999841e+02
2.370000000000000000e+02,1.000000000000000000e+02,0.000000000000000000e+00,3.440000000000000000e+02,3.076200000000000045e+02
2.380000000000000000e+02,1.000000000000000000e+02,0.000000000000000000e+00,3.440299999999999727e+02,3.077799999999999727e+02
2.390000000000000000e+02,1.000000000000000000e+02,0.000000000000000000e+00,3.443199999999999932e+02,3.079099999999999682e+02
2.400000000000000000e+02,1.000000000000000000e+02,0.000000000000000000e+00,3.444499999999999886e+02,3.079099999999999682e+02
2.410000000000000000e+02,2.000000000000000000e+01,0.000000000000000000e+00,3.446399999999999864e+02,3.079099999999999682e+02
2.420000000000000000e+02,2.000000000000000000e+01,0.000000000000000000e+00,3.447699999999999818e+02,3.079699999999999704e+02
2.430000000000000000e+02,2.000000000000000000e+01,0.000000000000000000e+00,3.449699999999999704e+02,3.082299999999999613e+02
2.440000000000000000e+02,2.000000000000000000e+01,0.000000000000000000e+00,3.452599999999999909e+02,3.082299999999999613e+02
2.450000000000000000e+02,2.000000000000000000e+01,0.000000000000000000e+00,3.453499999999999659e+02,3.082299999999999613e+02
2.460000000000000000e+02,2.000000000000000000e+01,0.000000000000000000e+00,3.456099999999999568e+02,3.083599999999999568e+02
2.470000000000000000e+02,2.000000000000000000e+01,0.000000000000000000e+00,3.456099999999999568e+02,3.085499999999999545e+02
2.480000000000000000e+02,2.000000000000000000e+01,0.000000000000000000e+00,3.459299999999999500e+02,3.085499999999999545e+02
2.490000000000000000e+02,2.000000000000000000e+01,0.000000000000000000e+00,3.459299999999999500e+02,3.085499999999999545e+02
2.500000000000000000e+02,2.000000000000000000e+01,0.000000000000000000e+00,3.461599999999999682e+02,3.087099999999999795e+02
2.510000000000000000e+02,2.000000000000000000e+01,0.000000000000000000e+00,3.462199999999999704e+02,3.088700000000000045e+02
2.520000000000000000e+02,2.000000000000000000e+01,0.000000000000000000e+00,3.462899999999999636e+02,3.088700000000000045e+02
2.530000000000000000e+02,2.000000000000000000e+01,0.000000000000000000e+00,3.462899999999999636e+02,3.088700000000000045e+02
2.540000000000000000e+02,2.000000000000000000e+01,0.000000000000000000e+00,3.463499999999999659e+02,3.089699999999999704e+02
2.550000000000000000e+02,2.000000000000000000e+01,0.000000000000000000e+00,3.463199999999999932e+02,3.091899999999999977e+02
2.560000000000000000e+02,2.000000000000000000e+01,0.000000000000000000e+00,3.464199999999999591e+02,3.091899999999999977e+02
2.570000000000000000e+02,2.000000000000000000e+01,0.000000000000000000e+00,3.464499999999999886e+02,3.091899999999999977e+02
2.580000000000000000e+02,2.000000000000000000e+01,0.000000000000000000e+00,3.463799999999999955e+02,3.092599999999999909e+02
2.590000000000000000e+02,2.000000000000000000e+01,0.000000000000000000e+00,3.463499999999999659e+02,3.095199999999999818e+02
2.600000000000000000e+02,2.000000000000000000e+01,0.000000000000000000e+00,3.462599999999999909e+02,3.095199999999999818e+02
2.610000000000000000e+02,2.000000000000000000e+01,0.000000000000000000e+00,3.462599999999999909e+02,3.095199999999999818e+02
2.620000000000000000e+02,2.000000000000000000e+01,0.000000000000000000e+00,3.462599999999999909e+02,3.096799999999999500e+02
2.630000000000000000e+02,2.000000000000000000e+01,0.000000000000000000e+00,3.462599999999999909e+02,3.098099999999999454e+02
2.640000000000000000e+02,2.000000000000000000e+01,0.000000000000000000e+00,3.460299999999999727e+02,3.098399999999999750e+02
2.650000000000000000e+02,2.000000000000000000e+01,0.000000000000000000e+00,3.459299999999999500e+02,3.098399999999999750e+02
2.660000000000000000e+02,2.000000000000000000e+01,0.000000000000000000e+00,3.459299999999999500e+02,3.098399999999999750e+02
2.670000000000000000e+02,2.000000000000000000e+01,0.000000000000000000e+00,3.457699999999999818e+02,3.100000000000000000e+02
2.680000000000000000e+02,2.000000000000000000e+01,0.000000000000000000e+00,3.456099999999999568e+02,3.100699999999999932e+02
2.690000000000000000e+02,2.000000000000000000e+01,0.000000000000000000e+00,3.456099999999999568e+02,3.101599999999999682e+02
2.700000000000000000e+02,2.000000000000000000e+01,0.000000000000000000e+00,3.455499999999999545e+02,3.101599999999999682e+02
2.710000000000000000e+02,2.000000000000000000e+01,0.000000000000000000e+00,3.452899999999999636e+02,3.101599999999999682e+02
2.720000000000000000e+02,2.000000000000000000e+01,0.000000000000000000e+00,3.452899999999999636e+02,3.102299999999999613e+02
2.730000000000000000e+02,2.000000000000000000e+01,0.000000000000000000e+00,3.450000000000000000e+02,3.103899999999999864e+02
2.740000000000000000e+02,2.000000000000000000e+01,0.000000000000000000e+00,3.449699999999999704e+02,3.104499999999999886e+02
2.750000000000000000e+02,2.000000000000000000e+01,0.000000000000000000e+00,3.447699999999999818e+02,3.104799999999999613e+02
2.760000000000000000e+02,2.000000000000000000e+01,0.000000000000000000e+00,3.446399999999999864e+02,3.104799999999999613e+02
2.770000000000000000e+02,2.000000000000000000e+01,0.000000000000000000e+00,3.445499999999999545e+02,3.104799999999999613e+02
2.780000000000000000e+02,2.000000000000000000e+01,0.000000000000000000e+00,3.443199999999999932e+02,3.107099999999999795e+02
2.790000000000000000e+02,2.000000000000000000e+01,0.000000000000000000e+00,3.442899999999999636e+02,3.107699999999999818e+02
2.800000000000000000e+02,2.000000000000000000e+01,0.000000000000000000e+00,3.440000000000000000e+02,3.108099999999999454e+02
2.810000000000000000e+02,2.000000000000000000e+01,0.000000000000000000e+00,3.439699999999999704e+02,3.108099999999999454e+02
2.820000000000000000e+02,2.000000000000000000e+01,0.000000000000000000e+00,3.436799999999999500e+02,3.108099999999999454e+02
2.830000000000000000e+02,2.000000000000000000e+01,0.000000000000000000e+00,3.436799999999999500e+02,3.108099999999999454e+02
2.840000000000000000e+02,2.000000000000000000e+01,0.000000000000000000e+00,3.433599999999999568e+02,3.108099999999999454e+02
2.850000000000000000e+02,2.000000000000000000e+01,0.000000000000000000e+00,3.433199999999999932e+02,3.110000000000000000e+02
2.860000000000000000e+02,2.000000000000000000e+01,0.000000000000000000e+00,3.430299999999999727e+02,3.111299999999999955e+02
2.870000000000000000e+02,2.000000000000000000e+01,0.000000000000000000e+00,3.430000000000000000e+02,3.111299999999999955e+02
2.880000000000000000e+02,2.000000000000000000e+01,0.000000000000000000e+00,3.427099999999999795e+02,3.111299999999999955e+02
2.890000000000000000e+02,2.000000000000000000e+01,0.000000000000000000e+00,3.425499999999999545e+02,3.111299999999999955e+02
2.900000000000000000e+02,2.000000000000000000e+01,0.000000000000000000e+00,3.423899999999999864e+02,3.111299999999999955e+02
2.910000000000000000e+02,2.000000000000000000e+01,0.000000000000000000e+00,3.421299999999999955e+02,3.111299999999999955e+02
2.920000000000000000e+02,2.000000000000000000e+01,0.000000000000000000e+00,3.420699999999999932e+02,3.111299999999999955e+02
2.930000000000000000e+02,2.000000000000000000e+01,0.000000000000000000e+00,3.417799999999999727e+02,3.113899999999999864e+02
2.940000000000000000e+02,2.000000000000000000e+01,0.000000000000000000e+00,3.417400000000000091e+02,3.113499999999999659e+02
2.950000000000000000e+02,2.000000000000000000e+01,0.000000000000000000e+00,3.414199999999999591e+02,3.114199999999999591e+02
2.960000000000000000e+02,2.000000000000000000e+01,0.000000000000000000e+00,3.414199999999999591e+02,3.114499999999999886e+02
2.970000000000000000e+02,2.000000000000000000e+01,0.000000000000000000e+00,3.410999999999999659e+02,3.114499999999999886e+02
2.980000000000000000e+02,2.000000000000000000e+01,0.000000000000000000e+00,3.410999999999999659e+02,3.114499999999999886e+02
2.990000000000000000e+02,2.000000000000000000e+01,0.000000000000000000e+00,3.407799999999999727e+02,3.114499999999999886e+02
3.000000000000000000e+02,2.000000000000000000e+01,0.000000000000000000e+00,3.407799999999999727e+02,3.115499999999999545e+02
3.010000000000000000e+02,2.000000000000000000e+01,0.000000000000000000e+00,3.404499999999999886e+02,3.114799999999999613e+02
3.020000000000000000e+02,2.000000000000000000e+01,0.000000000000000000e+00,3.404499999999999886e+02,3.115799999999999841e+02
3.030000000000000000e+02,2.000000000000000000e+01,0.000000000000000000e+00,3.401299999999999955e+02,3.117099999999999795e+02
3.040000000000000000e+02,2.000000000000000000e+01,0.000000000000000000e+00,3.400399999999999636e+02,3.117400000000000091e+02
3.050000000000000000e+02,2.000000000000000000e+01,0.000000000000000000e+00,3.398099999999999454e+02,3.117699999999999818e+02
3.060000000000000000e+02,2.000000000000000000e+01,0.000000000000000000e+00,3.395199999999999818e+02,3.117699999999999818e+02
3.070000000000000000e+02,2.000000000000000000e+01,0.000000000000000000e+00,3.394900000000000091e+02,3.117699999999999818e+02
3.080000000000000000e+02,2.000000000000000000e+01,0.000000000000000000e+00,3.391699999999999591e+02,3.117699999999999818e+02
3.090000000000000000e+02,2.000000000000000000e+01,0.000000000000000000e+00,3.391699999999999591e+02,3.117699999999999818e+02
3.100000000000000000e+02,2.000000000000000000e+01,0.000000000000000000e+00,3.388799999999999955e+02,3.117699999999999818e+02
3.110000000000000000e+02,2.000000000000000000e+01,0.000000000000000000e+00,3.388399999999999750e+02,3.117699999999999818e+02
3.120000000000000000e+02,2.000000000000000000e+01,0.000000000000000000e+00,3.385499999999999545e+02,3.117699999999999818e+02
3.130000000000000000e+02,2.000000000000000000e+01,0.000000000000000000e+00,3.385199999999999818e+02,3.118099999999999454e+02
3.140000000000000000e+02,2.000000000000000000e+01,0.000000000000000000e+00,3.381999999999999886e+02,3.117699999999999818e+02
3.150000000000000000e+02,2.000000000000000000e+01,0.000000000000000000e+00,3.381699999999999591e+02,3.118099999999999454e+02
3.160000000000000000e+02,2.000000000000000000e+01,0.000000000000000000e+00,3.378799999999999955e+02,3.117699999999999818e+02
3.170000000000000000e+02,2.000000000000000000e+01,0.000000000000000000e+00,3.378799999999999955e+02,3.118700000000000045e+02
3.180000000000000000e+02,2.000000000000000000e+01,0.000000000000000000e+00,3.375499999999999545e+02,3.118099999999999454e+02
3.190000000000000000e+02,2.000000000000000000e+01,0.000000000000000000e+00,3.375499999999999545e+02,3.120000000000000000e+02
3.200000000000000000e+02,2.000000000000000000e+01,0.000000000000000000e+00,3.372299999999999613e+02,3.120299999999999727e+02
3.210000000000000000e+02,2.000000000000000000e+01,0.000000000000000000e+00,3.371699999999999591e+02,3.120299999999999727e+02
3.220000000000000000e+02,2.000000000000000000e+01,0.000000000000000000e+00,3.369099999999999682e+02,3.120599999999999454e+02
3.230000000000000000e+02,2.000000000000000000e+01,0.000000000000000000e+00,3.368799999999999955e+02,3.120299999999999727e+02
3.240000000000000000e+02,2.000000000000000000e+01,0.000000000000000000e+00,3.365899999999999750e+02,3.120999999999999659e+02
3.250000000000000000e+02,2.000000000000000000e+01,0.000000000000000000e+00,3.365899999999999750e+02,3.120999999999999659e+02
3.260000000000000000e+02,2.000000000000000000e+01,0.000000000000000000e+00,3.362699999999999818e+02,3.120999999999999659e+02
3.270000000000000000e+02,2.000000000000000000e+01,0.000000000000000000e+00,3.362299999999999613e+02,3.120999999999999659e+02
3.280000000000000000e+02,2.000000000000000000e+01,0.000000000000000000e+00,3.359399999999999977e+02,3.120599999999999454e+02
3.290000000000000000e+02,2.000000000000000000e+01,0.000000000000000000e+00,3.359399999999999977e+02,3.120999999999999659e+02
3.300000000000000000e+02,2.000000000000000000e+01,0.000000000000000000e+00,3.356200000000000045e+02,3.120599999999999454e+02
3.310000000000000000e+02,2.000000000000000000e+01,0.000000000000000000e+00,3.356200000000000045e+02,3.120999999999999659e+02
3.320000000000000000e+02,2.000000000000000000e+01,0.000000000000000000e+00,3.352999999999999545e+02,3.120999999999999659e+02
3.330000000000000000e+02,2.000000000000000000e+01,0.000000000000000000e+00,3.352999999999999545e+02,3.120999999999999659e+02
3.340000000000000000e+02,2.000000000000000000e+01,0.000000000000000000e+00,3.349799999999999613e+02,3.120999999999999659e+02
3.350000000000000000e+02,2.000000000000000000e+01,0.000000000000000000e+00,3.349799999999999613e+02,3.120999999999999659e+02
3.360000000000000000e+02,2.000000000000000000e+01,0.000000000000000000e+00,3.346899999999999977e+02,3.120999999999999659e+02
3.370000000000000000e+02,2.000000000000000000e+01,0.000000000000000000e+00,3.346499999999999773e+02,3.120999999999999659e+02
3.380000000000000000e+02,2.000000000000000000e+01,0.000000000000000000e+00,3.344599999999999795e+02,3.120999999999999659e+02
3.390000000000000000e+02,2.000000000000000000e+01,0.000000000000000000e+00,3.343299999999999841e+02,3.120999999999999659e+02
3.400000000000000000e+02,2.000000000000000000e+01,0.000000000000000000e+00,3.341999999999999886e+02,3.120999999999999659e+02
3.410000000000000000e+02,2.000000000000000000e+01,0.000000000000000000e+00,3.340099999999999909e+02,3.120999999999999659e+02
3.420000000000000000e+02,2.000000000000000000e+01,0.000000000000000000e+00,3.340099999999999909e+02,3.120999999999999659e+02
3.430000000000000000e+02,2.000000000000000000e+01,0.000000000000000000e+00,3.337500000000000000e+02,3.120999999999999659e+02
3.440000000000000000e+02,2.000000000000000000e+01,0.000000000000000000e+00,3.336899999999999977e+02,3.120999999999999659e+02
3.450000000000000000e+02,2.000000000000000000e+01,0.000000000000000000e+00,3.334599999999999795e+02,3.120999999999999659e+02
3.460000000000000000e+02,2.000000000000000000e+01,0.000000000000000000e+00,3.333599999999999568e+02,3.120999999999999659e+02
3.470000000000000000e+02,2.000000000000000000e+01,0.000000000000000000e+00,3.332400000000000091e+02,3.120999999999999659e+02
3.480000000000000000e+02,2.000000000000000000e+01,0.000000000000000000e+00,3.330399999999999636e+02,3.120999999999999659e+02
3.490000000000000000e+02,2.000000000000000000e+01,0.000000000000000000e+00,3.330399999999999636e+02,3.120999999999999659e+02
3.500000000000000000e+02,2.000000000000000000e+01,0.000000000000000000e+00,3.327500000000000000e+02,3.120999999999999659e+02
3.510000000000000000e+02,2.000000000000000000e+01,0.000000000000000000e+00,3.327199999999999704e+02,3.120999999999999659e+02
3.520000000000000000e+02,2.000000000000000000e+01,0.000000000000000000e+00,3.326899999999999977e+02,3.120999999999999659e+02
3.530000000000000000e+02,2.000000000000000000e+01,0.000000000000000000e+00,3.323999999999999773e+02,3.120999999999999659e+02
3.540000000000000000e+02,2.000000000000000000e+01,0.000000000000000000e+00,3.323999999999999773e+02,3.120599999999999454e+02
3.550000000000000000e+02,2.000000000000000000e+01,0.000000000000000000e+00,3.320799999999999841e+02,3.120999999999999659e+02
3.560000000000000000e+02,2.000000000000000000e+01,0.000000000000000000e+00,3.320799999999999841e+02,3.120999999999999659e+02
3.570000000000000000e+02,2.000000000000000000e+01,0.000000000000000000e+00,3.318799999999999955e+02,3.120999999999999659e+02
3.580000000000000000e+02,2.000000000000000000e+01,0.000000000000000000e+00,3.317500000000000000e+02,3.120999999999999659e+02
3.590000000000000000e+02,2.000000000000000000e+01,0.000000000000000000e+00,3.317500000000000000e+02,3.120599999999999454e+02
3.600000000000000000e+02,2.000000000000000000e+01,0.000000000000000000e+00,3.315299999999999727e+02,3.120999999999999659e+02
3.610000000000000000e+02,8.000000000000000000e+01,0.000000000000000000e+00,3.314299999999999500e+02,3.120299999999999727e+02
3.620000000000000000e+02,8.000000000000000000e+01,0.000000000000000000e+00,3.313299999999999841e+02,3.120999999999999659e+02
3.630000000000000000e+02,8.000000000000000000e+01,0.000000000000000000e+00,3.311399999999999864e+02,3.120999999999999659e+02
3.640000000000000000e+02,8.000000000000000000e+01,0.000000000000000000e+00,3.311099999999999568e+02,3.120299999999999727e+02
3.650000000000000000e+02,8.000000000000000000e+01,0.000000000000000000e+00,3.310099999999999909e+02,3.120000000000000000e+02
3.660000000000000000e+02,8.000000000000000000e+01,0.000000000000000000e+00,3.308499999999999659e+02,3.119699999999999704e+02
3.670000000000000000e+02,8.000000000000000000e+01,0.000000000000000000e+00,3.307899999999999636e+02,3.118700000000000045e+02
3.680000000000000000e+02,8.000000000000000000e+01,0.000000000000000000e+00,3.307500000000000000e+02,3.118399999999999750e+02
3.690000000000000000e+02,8.000000000000000000e+01,0.000000000000000000e+00,3.306899999999999977e+02,3.118999999999999773e+02
3.700000000000000000e+02,8.000000000000000000e+01,0.000000000000000000e+00,3.305599999999999454e+02,3.118399999999999750e+02
3.710000000000000000e+02,8.000000000000000000e+01,0.000000000000000000e+00,3.305000000000000000e+02,3.120000000000000000e+02
3.720000000000000000e+02,8.000000000000000000e+01,0.000000000000000000e+00,3.304599999999999795e+02,3.117699999999999818e+02
3.730000000000000000e+02,8.000000000000000000e+01,0.000000000000000000e+00,3.304599999999999795e+02,3.117699999999999818e+02
3.740000000000000000e+02,8.000000000000000000e+01,0.000000000000000000e+00,3.304599999999999795e+02,3.118099999999999454e+02
3.750000000000000000e+02,8.000000000000000000e+01,0.000000000000000000e+00,3.304599999999999795e+02,3.117699999999999818e+02
3.760000000000000000e+02,8.000000000000000000e+01,0.000000000000000000e+00,3.304599999999999795e+02,3.117699999999999818e+02
3.770000000000000000e+02,8.000000000000000000e+01,0.000000000000000000e+00,3.304599999999999795e+02,3.117699999999999818e+02
3.780000000000000000e+02,8.000000000000000000e+01,0.000000000000000000e+00,3.304599999999999795e+02,3.117699999999999818e+02
3.790000000000000000e+02,8.000000000000000000e+01,0.000000000000000000e+00,3.305899999999999750e+02,3.117699999999999818e+02
3.800000000000000000e+02,8.000000000000000000e+01,0.000000000000000000e+00,3.306899999999999977e+02,3.117699999999999818e+02
3.810000000000000000e+02,8.000000000000000000e+01,0.000000000000000000e+00,3.307899999999999636e+02,3.117699999999999818e+02
3.820000000000000000e+02,8.000000000000000000e+01,0.000000000000000000e+00,3.307899999999999636e+02,3.117699999999999818e+02
3.830000000000000000e+02,8.000000000000000000e+01,0.000000000000000000e+00,3.307899999999999636e+02,3.117699999999999818e+02
3.840000000000000000e+02,8.000000000000000000e+01,0.000000000000000000e+00,3.309499999999999886e+02,3.117699999999999818e+02
3.850000000000000000e+02,8.000000000000000000e+01,0.000000000000000000e+00,3.310799999999999841e+02,3.117699999999999818e+02
3.860000000000000000e+02,8.000000000000000000e+01,0.000000000000000000e+00,3.310799999999999841e+02,3.117699999999999818e+02
3.870000000000000000e+02,8.000000000000000000e+01,0.000000000000000000e+00,3.311099999999999568e+02,3.117699999999999818e+02
3.880000000000000000e+02,8.000000000000000000e+01,0.000000000000000000e+00,3.313999999999999773e+02,3.117699999999999818e+02
3.890000000000000000e+02,8.000000000000000000e+01,0.000000000000000000e+00,3.314299999999999500e+02,3.117699999999999818e+02
3.900000000000000000e+02,8.000000000000000000e+01,0.000000000000000000e+00,3.314299999999999500e+02,3.117699999999999818e+02
3.910000000000000000e+02,8.000000000000000000e+01,0.000000000000000000e+00,3.316599999999999682e+02,3.117699999999999818e+02
3.920000000000000000e+02,8.000000000000000000e+01,0.000000000000000000e+00,3.317500000000000000e+02,3.117699999999999818e+02
3.930000000000000000e+02,8.000000000000000000e+01,0.000000000000000000e+00,3.317899999999999636e+02,3.117699999999999818e+02
3.940000000000000000e+02,8.000000000000000000e+01,0.000000000000000000e+00,3.320399999999999636e+02,3.117699999999999818e+02
3.950000000000000000e+02,8.000000000000000000e+01,0.000000000000000000e+00,3.320799999999999841e+02,3.117699999999999818e+02
3.960000000000000000e+02,8.000000000000000000e+01,0.000000000000000000e+00,3.322400000000000091e+02,3.117699999999999818e+02
3.970000000000000000e+02,8.000000000000000000e+01,0.000000000000000000e+00,3.323999999999999773e+02,3.117699999999999818e+02
3.980000000000000000e+02,8.000000000000000000e+01,0.000000000000000000e+00,3.323999999999999773e+02,3.117699999999999818e+02
3.990000000000000000e+02,8.000000000000000000e+01,0.000000000000000000e+00,3.327199999999999704e+02,3.117699999999999818e+02
4.000000000000000000e+02,8.000000000000000000e+01,0.000000000000000000e+00,3.327199999999999704e+02,3.117699999999999818e+02
4.010000000000000000e+02,8.000000000000000000e+01,0.000000000000000000e+00,3.328799999999999955e+02,3.117699999999999818e+02
4.020000000000000000e+02,8.000000000000000000e+01,0.000000000000000000e+00,3.330399999999999636e+02,3.117699999999999818e+02
4.030000000000000000e+02,8.000000000000000000e+01,0.000000000000000000e+00,3.330699999999999932e+02,3.117699999999999818e+02
4.040000000000000000e+02,8.000000000000000000e+01,0.000000000000000000e+00,3.333599999999999568e+02,3.117699999999999818e+02
4.050000000000000000e+02,8.000000000000000000e+01,0.000000000000000000e+00,3.333599999999999568e+02,3.117699999999999818e+02
4.060000000000000000e+02,8.000000000000000000e+01,0.000000000000000000e+00,3.336899999999999977e+02,3.117699999999999818e+02
4.070000000000000000e+02,8.000000000000000000e+01,0.000000000000000000e+00,3.336899999999999977e+02,3.117699999999999818e+02
4.080000000000000000e+02,8.000000000000000000e+01,0.000000000000000000e+00,3.339799999999999613e+02,3.117699999999999818e+02
4.090000000000000000e+02,8.000000000000000000e+01,0.000000000000000000e+00,3.340099999999999909e+02,3.117699999999999818e+02
4.100000000000000000e+02,8.000000000000000000e+01,0.000000000000000000e+00,3.342299999999999613e+02,3.117699999999999818e+02
4.110000000000000000e+02,8.000000000000000000e+01,0.000000000000000000e+00,3.343299999999999841e+02,3.117699999999999818e+02
4.120000000000000000e+02,8.000000000000000000e+01,0.000000000000000000e+00,3.344900000000000091e+02,3.117699999999999818e+02
4.130000000000000000e+02,8.000000000000000000e+01,0.000000000000000000e+00,3.346499999999999773e+02,3.118099999999999454e+02
4.140000000000000000e+02,8.000000000000000000e+01,0.000000000000000000e+00,3.348199999999999932e+02,3.118099999999999454e+02
4.150000000000000000e+02,8.000000000000000000e+01,0.000000000000000000e+00,3.349799999999999613e+02,3.117699999999999818e+02
4.160000000000000000e+02,8.000000000000000000e+01,0.000000000000000000e+00,3.350699999999999932e+02,3.118099999999999454e+02
4.170000000000000000e+02,8.000000000000000000e+01,0.000000000000000000e+00,3.352999999999999545e+02,3.118999999999999773e+02
4.180000000000000000e+02,8.000000000000000000e+01,0.000000000000000000e+00,3.353299999999999841e+02,3.119299999999999500e+02
4.190000000000000000e+02,8.000000000000000000e+01,0.000000000000000000e+00,3.356200000000000045e+02,3.120000000000000000e+02
4.200000000000000000e+02,8.000000000000000000e+01,0.000000000000000000e+00,3.356200000000000045e+02,3.120000000000000000e+02
4.210000000000000000e+02,8.000000000000000000e+01,0.000000000000000000e+00,3.359399999999999977e+02,3.120599999999999454e+02
4.220000000000000000e+02,8.000000000000000000e+01,0.000000000000000000e+00,3.359399999999999977e+02,3.120599999999999454e+02
4.230000000000000000e+02,8.000000000000000000e+01,0.000000000000000000e+00,3.361999999999999886e+02,3.120999999999999659e+02
4.240000000000000000e+02,8.000000000000000000e+01,0.000000000000000000e+00,3.362699999999999818e+02,3.120599999999999454e+02
4.250000000000000000e+02,8.000000000000000000e+01,0.000000000000000000e+00,3.364900000000000091e+02,3.120999999999999659e+02
4.260000000000000000e+02,8.000000000000000000e+01,0.000000000000000000e+00,3.365899999999999750e+02,3.120999999999999659e+02
4.270000000000000000e+02,8.000000000000000000e+01,0.000000000000000000e+00,3.366499999999999773e+02,3.120999999999999659e+02
4.280000000000000000e+02,8.000000000000000000e+01,0.000000000000000000e+00,3.369099999999999682e+02,3.120999999999999659e+02
4.290000000000000000e+02,8.000000000000000000e+01,0.000000000000000000e+00,3.369699999999999704e+02,3.120999999999999659e+02
4.300000000000000000e+02,8.000000000000000000e+01,0.000000000000000000e+00,3.372299999999999613e+02,3.120999999999999659e+02
4.310000000000000000e+02,8.000000000000000000e+01,0.000000000000000000e+00,3.372599999999999909e+02,3.120999999999999659e+02
4.320000000000000000e+02,8.000000000000000000e+01,0.000000000000000000e+00,3.375499999999999545e+02,3.120999999999999659e+02
4.330000000000000000e+02,8.000000000000000000e+01,0.000000000000000000e+00,3.375899999999999750e+02,3.121899999999999977e+02
4.340000000000000000e+02,8.000000000000000000e+01,0.000000000000000000e+00,3.378099999999999454e+02,3.121299999999999955e+02
4.350000000000000000e+02,8.000000000000000000e+01,0.000000000000000000e+00,3.378799999999999955e+02,3.121899999999999977e+02
4.360000000000000000e+02,8.000000000000000000e+01,0.000000000000000000e+00,3.380999999999999659e+02,3.122899999999999636e+02
4.370000000000000000e+02,8.000000000000000000e+01,0.000000000000000000e+00,3.381999999999999886e+02,3.123499999999999659e+02
4.380000000000000000e+02,8.000000000000000000e+01,0.000000000000000000e+00,3.381999999999999886e+02,3.124199999999999591e+02
4.390000000000000000e+02,8.000000000000000000e+01,0.000000000000000000e+00,3.385199999999999818e+02,3.123899999999999864e+02
4.400000000000000000e+02,8.000000000000000000e+01,0.000000000000000000e+00,3.385199999999999818e+02,3.124199999999999591e+02
4.410000000000000000e+02,8.000000000000000000e+01,0.000000000000000000e+00,3.388099999999999454e+02,3.124199999999999591e+02
4.420000000000000000e+02,8.000000000000000000e+01,0.000000000000000000e+00,3.388399999999999750e+02,3.124199999999999591e+02
4.430000000000000000e+02,8.000000000000000000e+01,0.000000000000000000e+00,3.390699999999999932e+02,3.124199999999999591e+02
4.440000000000000000e+02,8.000000000000000000e+01,0.000000000000000000e+00,3.391699999999999591e+02,3.124199999999999591e+02
4.450000000000000000e+02,8.000000000000000000e+01,0.000000000000000000e+00,3.391699999999999591e+02,3.124199999999999591e+02
4.460000000000000000e+02,8.000000000000000000e+01,0.000000000000000000e+00,3.394900000000000091e+02,3.124199999999999591e+02
4.470000000000000000e+02,8.000000000000000000e+01,0.000000000000000000e+00,3.394900000000000091e+02,3.124199999999999591e+02
4.480000000000000000e+02,8.000000000000000000e+01,0.000000000000000000e+00,3.397500000000000000e+02,3.125099999999999909e+02
4.490000000000000000e+02,8.000000000000000000e+01,0.000000000000000000e+00,3.398099999999999454e+02,3.125799999999999841e+02
4.500000000000000000e+02,8.000000000000000000e+01,0.000000000000000000e+00,3.400999999999999659e+02,3.126399999999999864e+02
4.510000000000000000e+02,8.000000000000000000e+01,0.000000000000000000e+00,3.401299999999999955e+02,3.126399999999999864e+02
4.520000000000000000e+02,8.000000000000000000e+01,0.000000000000000000e+00,3.401999999999999886e+02,3.127400000000000091e+02
4.530000000000000000e+02,8.000000000000000000e+01,0.000000000000000000e+00,3.404199999999999591e+02,3.127400000000000091e+02
4.540000000000000000e+02,8.000000000000000000e+01,0.000000000000000000e+00,3.404499999999999886e+02,3.127400000000000091e+02
4.550000000000000000e+02,8.000000000000000000e+01,0.000000000000000000e+00,3.407799999999999727e+02,3.127400000000000091e+02
4.560000000000000000e+02,8.000000000000000000e+01,0.000000000000000000e+00,3.407799999999999727e+02,3.127400000000000091e+02
4.570000000000000000e+02,8.000000000000000000e+01,0.000000000000000000e+00,3.408700000000000045e+02,3.127400000000000091e+02
4.580000000000000000e+02,8.000000000000000000e+01,0.000000000000000000e+00,3.410999999999999659e+02,3.127400000000000091e+02
4.590000000000000000e+02,8.000000000000000000e+01,0.000000000000000000e+00,3.411299999999999955e+02,3.127699999999999818e+02
4.600000000000000000e+02,8.000000000000000000e+01,0.000000000000000000e+00,3.413199999999999932e+02,3.130000000000000000e+02
4.610000000000000000e+02,8.000000000000000000e+01,0.000000000000000000e+00,3.414199999999999591e+02,3.130299999999999727e+02
4.620000000000000000e+02,8.000000000000000000e+01,0.000000000000000000e+00,3.414199999999999591e+02,3.130599999999999454e+02
4.630000000000000000e+02,8.000000000000000000e+01,0.000000000000000000e+00,3.417099999999999795e+02,3.130599999999999454e+02
4.640000000000000000e+02,8.000000000000000000e+01,0.000000000000000000e+00,3.417400000000000091e+02,3.130599999999999454e+02
4.650000000000000000e+02,8.000000000000000000e+01,0.000000000000000000e+00,3.418099999999999454e+02,3.130599999999999454e+02
4.660000000000000000e+02,8.000000000000000000e+01,0.000000000000000000e+00,3.420699999999999932e+02,3.130599999999999454e+02
4.670000000000000000e+02,8.000000000000000000e+01,0.000000000000000000e+00,3.420699999999999932e+02,3.130599999999999454e+02
4.680000000000000000e+02,8.000000000000000000e+01,0.000000000000000000e+00,3.421899999999999977e+02,3.130599999999999454e+02
4.690000000000000000e+02,8.000000000000000000e+01,0.000000000000000000e+00,3.423899999999999864e+02,3.131599999999999682e+02
4.700000000000000000e+02,8.000000000000000000e+01,0.000000000000000000e+00,3.423899999999999864e+02,3.132599999999999909e+02
4.710000000000000000e+02,8.000000000000000000e+01,0.000000000000000000e+00,3.427099999999999795e+02,3.133499999999999659e+02
4.720000000000000000e+02,8.000000000000000000e+01,0.000000000000000000e+00,3.427099999999999795e+02,3.133799999999999955e+02
4.730000000000000000e+02,8.000000000000000000e+01,0.000000000000000000e+00,3.427400000000000091e+02,3.133799999999999955e+02
4.740000000000000000e+02,8.000000000000000000e+01,0.000000000000000000e+00,3.430000000000000000e+02,3.133799999999999955e+02
4.750000000000000000e+02,8.000000000000000000e+01,0.000000000000000000e+00,3.430299999999999727e+02,3.133799999999999955e+02
4.760000000000000000e+02,8.000000000000000000e+01,0.000000000000000000e+00,3.431299999999999955e+02,3.133799999999999955e+02
4.770000000000000000e+02,8.000000000000000000e+01,0.000000000000000000e+00,3.433599999999999568e+02,3.133799999999999955e+02
4.780000000000000000e+02,8.000000000000000000e+01,0.000000000000000000e+00,3.433599999999999568e+02,3.133799999999999955e+02
4.790000000000000000e+02,8.000000000000000000e+01,0.000000000000000000e+00,3.435499999999999545e+02,3.133799999999999955e+02
4.800000000000000000e+02,8.000000000000000000e+01,0.000000000000000000e+00,3.436799999999999500e+02,3.134799999999999613e+02
4.810000000000000000e+02,0.000000000000000000e+00,0.000000000000000000e+00,3.437099999999999795e+02,3.134799999999999613e+02
4.820000000000000000e+02,0.000000000000000000e+00,0.000000000000000000e+00,3.438099999999999454e+02,3.136699999999999591e+02
4.830000000000000000e+02,0.000000000000000000e+00,0.000000000000000000e+00,3.440000000000000000e+02,3.137099999999999795e+02
4.840000000000000000e+02,0.000000000000000000e+00,0.000000000000000000e+00,3.440000000000000000e+02,3.137099999999999795e+02
4.850000000000000000e+02,0.000000000000000000e+00,0.000000000000000000e+00,3.440299999999999727e+02,3.137099999999999795e+02
4.860000000000000000e+02,0.000000000000000000e+00,0.000000000000000000e+00,3.442899999999999636e+02,3.137099999999999795e+02
4.870000000000000000e+02,0.000000000000000000e+00,0.000000000000000000e+00,3.443199999999999932e+02,3.137099999999999795e+02
4.880000000000000000e+02,0.000000000000000000e+00,0.000000000000000000e+00,3.443199999999999932e+02,3.137099999999999795e+02
4.890000000000000000e+02,0.000000000000000000e+00,0.000000000000000000e+00,3.443199999999999932e+02,3.137099999999999795e+02
4.900000000000000000e+02,0.000000000000000000e+00,0.000000000000000000e+00,3.443199999999999932e+02,3.137400000000000091e+02
4.910000000000000000e+02,0.000000000000000000e+00,0.000000000000000000e+00,3.443199999999999932e+02,3.137999999999999545e+02
4.920000000000000000e+02,0.000000000000000000e+00,0.000000000000000000e+00,3.443199999999999932e+02,3.139599999999999795e+02
4.930000000000000000e+02,0.000000000000000000e+00,0.000000000000000000e+00,3.443199999999999932e+02,3.138999999999999773e+02
4.940000000000000000e+02,0.000000000000000000e+00,0.000000000000000000e+00,3.443199999999999932e+02,3.140299999999999727e+02
4.950000000000000000e+02,0.000000000000000000e+00,0.000000000000000000e+00,3.443199999999999932e+02,3.140299999999999727e+02
4.960000000000000000e+02,0.000000000000000000e+00,0.000000000000000000e+00,3.443199999999999932e+02,3.140299999999999727e+02
4.970000000000000000e+02,0.000000000000000000e+00,0.000000000000000000e+00,3.442299999999999613e+02,3.140299999999999727e+02
4.980000000000000000e+02,0.000000000000000000e+00,0.000000000000000000e+00,3.440000000000000000e+02,3.140299999999999727e+02
4.990000000000000000e+02,0.000000000000000000e+00,0.000000000000000000e+00,3.440000000000000000e+02,3.140599999999999454e+02
5.000000000000000000e+02,0.000000000000000000e+00,0.000000000000000000e+00,3.439399999999999977e+02,3.140299999999999727e+02
5.010000000000000000e+02,0.000000000000000000e+00,0.000000000000000000e+00,3.436799999999999500e+02,3.140899999999999750e+02
5.020000000000000000e+02,0.000000000000000000e+00,0.000000000000000000e+00,3.436799999999999500e+02,3.141599999999999682e+02
5.030000000000000000e+02,0.000000000000000000e+00,0.000000000000000000e+00,3.433599999999999568e+02,3.142899999999999636e+02
5.040000000000000000e+02,0.000000000000000000e+00,0.000000000000000000e+00,3.433599999999999568e+02,3.143499999999999659e+02
5.050000000000000000e+02,0.000000000000000000e+00,0.000000000000000000e+00,3.431599999999999682e+02,3.143499999999999659e+02
5.060000000000000000e+02,0.000000000000000000e+00,0.000000000000000000e+00,3.430299999999999727e+02,3.143499999999999659e+02
5.070000000000000000e+02,0.000000000000000000e+00,0.000000000000000000e+00,3.427400000000000091e+02,3.143499999999999659e+02
5.080000000000000000e+02,0.000000000000000000e+00,0.000000000000000000e+00,3.427099999999999795e+02,3.143499999999999659e+02
5.090000000000000000e+02,0.000000000000000000e+00,0.000000000000000000e+00,3.423899999999999864e+02,3.143499999999999659e+02
5.100000000000000000e+02,0.000000000000000000e+00,0.000000000000000000e+00,3.423199999999999932e+02,3.143499999999999659e+02
5.110000000000000000e+02,0.000000000000000000e+00,0.000000000000000000e+00,3.420699999999999932e+02,3.143499999999999659e+02
5.120000000000000000e+02,0.000000000000000000e+00,0.000000000000000000e+00,3.418399999999999750e+02,3.143499999999999659e+02
5.130000000000000000e+02,0.000000000000000000e+00,0.000000000000000000e+00,3.417400000000000091e+02,3.143499999999999659e+02
5.140000000000000000e+02,0.000000000000000000e+00,0.000000000000000000e+00,3.414499999999999886e+02,3.143499999999999659e+02
5.150000000000000000e+02,0.000000000000000000e+00,0.000000000000000000e+00,3.413599999999999568e+02,3.143799999999999955e+02
5.160000000000000000e+02,0.000000000000000000e+00,0.000000000000000000e+00,3.410999999999999659e+02,3.144499999999999886e+02
5.170000000000000000e+02,0.000000000000000000e+00,0.000000000000000000e+00,3.408099999999999454e+02,3.143499999999999659e+02
5.180000000000000000e+02,0.000000000000000000e+00,0.000000000000000000e+00,3.407799999999999727e+02,3.143799999999999955e+02
5.190000000000000000e+02,0.000000000000000000e+00,0.000000000000000000e+00,3.404499999999999886e+02,3.143799999999999955e+02
5.200000000000000000e+02,0.000000000000000000e+00,0.000000000000000000e+00,3.401599999999999682e+02,3.144799999999999613e+02
5.210000000000000000e+02,0.000000000000000000e+00,0.000000000000000000e+00,3.401299999999999955e+02,3.145099999999999909e+02
5.220000000000000000e+02,0.000000000000000000e+00,0.000000000000000000e+00,3.398099999999999454e+02,3.144199999999999591e+02
5.230000000000000000e+02,0.000000000000000000e+00,0.000000000000000000e+00,3.394900000000000091e+02,3.145399999999999636e+02
5.240000000000000000e+02,0.000000000000000000e+00,0.000000000000000000e+00,3.391999999999999886e+02,3.146099999999999568e+02
5.250000000000000000e+02,0.000000000000000000e+00,0.000000000000000000e+00,3.391699999999999591e+02,3.145099999999999909e+02
5.260000000000000000e+02,0.000000000000000000e+00,0.000000000000000000e+00,3.388399999999999750e+02,3.145099999999999909e+02
5.270000000000000000e+02,0.000000000000000000e+00,0.000000000000000000e+00,3.385499999999999545e+02,3.145799999999999841e+02
5.280000000000000000e+02,0.000000000000000000e+00,0.000000000000000000e+00,3.383599999999999568e+02,3.145099999999999909e+02
5.290000000000000000e+02,0.000000000000000000e+00,0.000000000000000000e+00,3.381999999999999886e+02,3.146099999999999568e+02
5.300000000000000000e+02,0.000000000000000000e+00,0.000000000000000000e+00,3.378799999999999955e+02,3.145399999999999636e+02
5.310000000000000000e+02,0.000000000000000000e+00,0.000000000000000000e+00,3.378099999999999454e+02,3.146099999999999568e+02
5.320000000000000000e+02,0.000000000000000000e+00,0.000000000000000000e+00,3.375499999999999545e+02,3.145099999999999909e+02
5.330000000000000000e+02,0.000000000000000000e+00,0.000000000000000000e+00,3.372299999999999613e+02,3.145399999999999636e+02
5.340000000000000000e+02,0.000000000000000000e+00,0.000000000000000000e+00,3.369399999999999977e+02,3.145399999999999636e+02
5.350000000000000000e+02,0.000000000000000000e+00,0.000000000000000000e+00,3.368799999999999955e+02,3.146399999999999864e+02
5.360000000000000000e+02,0.000000000000000000e+00,0.000000000000000000e+00,3.365899999999999750e+02,3.145099999999999909e+02
5.370000000000000000e+02,0.000000000000000000e+00,0.000000000000000000e+00,3.362699999999999818e+02,3.144799999999999613e+02
5.380000000000000000e+02,0.000000000000000000e+00,0.000000000000000000e+00,3.360999999999999659e+02,3.144799999999999613e+02
5.390000000000000000e+02,0.000000000000000000e+00,0.000000000000000000e+00,3.359399999999999977e+02,3.143799999999999955e+02
5.400000000000000000e+02,0.000000000000000000e+00,0.000000000000000000e+00,3.356200000000000045e+02,3.143499999999999659e+02
5.410000000000000000e+02,0.000000000000000000e+00,0.000000000000000000e+00,3.353299999999999841e+02,3.143499999999999659e+02
5.420000000000000000e+02,0.000000000000000000e+00,0.000000000000000000e+00,3.352999999999999545e+02,3.143499999999999659e+02
5.430000000000000000e+02,0.000000000000000000e+00,0.000000000000000000e+00,3.349799999999999613e+02,3.143499999999999659e+02
5.440000000000000000e+02,0.000000000000000000e+00,0.000000000000000000e+00,3.346899999999999977e+02,3.143499999999999659e+02
5.450000000000000000e+02,0.000000000000000000e+00,0.000000000000000000e+00,3.345599999999999454e+02,3.143499999999999659e+02
5.460000000000000000e+02,0.000000000000000000e+00,0.000000000000000000e+00,3.343299999999999841e+02,3.143499999999999659e+02
5.470000000000000000e+02,0.000000000000000000e+00,0.000000000000000000e+00,3.340099999999999909e+02,3.143499999999999659e+02
5.480000000000000000e+02,0.000000000000000000e+00,0.000000000000000000e+00,3.337799999999999727e+02,3.143499999999999659e+02
5.490000000000000000e+02,0.000000000000000000e+00,0.000000000000000000e+00,3.336899999999999977e+02,3.143499999999999659e+02
5.500000000000000000e+02,0.000000000000000000e+00,0.000000000000000000e+00,3.333599999999999568e+02,3.143499999999999659e+02
5.510000000000000000e+02,0.000000000000000000e+00,0.000000000000000000e+00,3.330399999999999636e+02,3.143499999999999659e+02
5.520000000000000000e+02,0.000000000000000000e+00,0.000000000000000000e+00,3.330099999999999909e+02,3.143499999999999659e+02
5.530000000000000000e+02,0.000000000000000000e+00,0.000000000000000000e+00,3.327199999999999704e+02,3.143499999999999659e+02
5.540000000000000000e+02,0.000000000000000000e+00,0.000000000000000000e+00,3.324299999999999500e+02,3.142500000000000000e+02
5.550000000000000000e+02,0.000000000000000000e+00,0.000000000000000000e+00,3.323999999999999773e+02,3.141899999999999977e+02
5.560000000000000000e+02,0.000000000000000000e+00,0.000000000000000000e+00,3.320799999999999841e+02,3.142899999999999636e+02
5.570000000000000000e+02,0.000000000000000000e+00,0.000000000000000000e+00,3.317899999999999636e+02,3.140599999999999454e+02
5.580000000000000000e+02,0.000000000000000000e+00,0.000000000000000000e+00,3.317500000000000000e+02,3.140899999999999750e+02
5.590000000000000000e+02,0.000000000000000000e+00,0.000000000000000000e+00,3.314299999999999500e+02,3.140599999999999454e+02
5.600000000000000000e+02,0.000000000000000000e+00,0.000000000000000000e+00,3.312400000000000091e+02,3.140299999999999727e+02
5.610000000000000000e+02,0.000000000000000000e+00,0.000000000000000000e+00,3.311099999999999568e+02,3.140299999999999727e+02
5.620000000000000000e+02,0.000000000000000000e+00,0.000000000000000000e+00,3.307899999999999636e+02,3.140299999999999727e+02
5.630000000000000000e+02,0.000000000000000000e+00,0.000000000000000000e+00,3.306299999999999955e+02,3.140299999999999727e+02
5.640000000000000000e+02,0.000000000000000000e+00,0.000000000000000000e+00,3.304599999999999795e+02,3.140299999999999727e+02
5.650000000000000000e+02,0.000000000000000000e+00,0.000000000000000000e+00,3.301399999999999864e+02,3.140299999999999727e+02
5.660000000000000000e+02,0.000000000000000000e+00,0.000000000000000000e+00,3.299799999999999613e+02,3.140299999999999727e+02
5.670000000000000000e+02,0.000000000000000000e+00,0.000000000000000000e+00,3.298199999999999932e+02,3.140000000000000000e+02
5.680000000000000000e+02,0.000000000000000000e+00,0.000000000000000000e+00,3.295599999999999454e+02,3.140000000000000000e+02
5.690000000000000000e+02,0.000000000000000000e+00,0.000000000000000000e+00,3.295000000000000000e+02,3.140000000000000000e+02
5.700000000000000000e+02,0.000000000000000000e+00,0.000000000000000000e+00,3.291799999999999500e+02,3.137099999999999795e+02
5.710000000000000000e+02,0.000000000000000000e+00,0.000000000000000000e+00,3.288899999999999864e+02,3.137099999999999795e+02
5.720000000000000000e+02,0.000000000000000000e+00,0.000000000000000000e+00,3.288499999999999659e+02,3.137400000000000091e+02
5.730000000000000000e+02,0.000000000000000000e+00,0.000000000000000000e+00,3.285299999999999727e+02,3.137099999999999795e+02
5.740000000000000000e+02,0.000000000000000000e+00,0.000000000000000000e+00,3.285299999999999727e+02,3.137099999999999795e+02
5.750000000000000000e+02,0.000000000000000000e+00,0.000000000000000000e+00,3.282099999999999795e+02,3.137099999999999795e+02
5.760000000000000000e+02,0.000000000000000000e+00,0.000000000000000000e+00,3.280499999999999545e+02,3.137099999999999795e+02
5.770000000000000000e+02,0.000000000000000000e+00,0.000000000000000000e+00,3.278899999999999864e+02,3.137099999999999795e+02
5.780000000000000000e+02,0.000000000000000000e+00,0.000000000000000000e+00,3.275599999999999454e+02,3.137099999999999795e+02
5.790000000000000000e+02,0.000000000000000000e+00,0.000000000000000000e+00,3.275000000000000000e+02,3.136399999999999864e+02
5.800000000000000000e+02,0.000000000000000000e+00,0.000000000000000000e+00,3.272400000000000091e+02,3.136099999999999568e+02
5.810000000000000000e+02,0.000000000000000000e+00,0.000000000000000000e+00,3.272099999999999795e+02,3.134499999999999886e+02
5.820000000000000000e+02,0.000000000000000000e+00,0.000000000000000000e+00,3.269199999999999591e+02,3.133799999999999955e+02
5.830000000000000000e+02,0.000000000000000000e+00,0.000000000000000000e+00,3.266599999999999682e+02,3.133799999999999955e+02
5.840000000000000000e+02,0.000000000000000000e+00,0.000000000000000000e+00,3.265999999999999659e+02,3.133799999999999955e+02
5.850000000000000000e+02,0.000000000000000000e+00,0.000000000000000000e+00,3.262799999999999727e+02,3.133799999999999955e+02
5.860000000000000000e+02,0.000000000000000000e+00,0.000000000000000000e+00,3.262799999999999727e+02,3.133799999999999955e+02
5.870000000000000000e+02,0.000000000000000000e+00,0.000000000000000000e+00,3.259499999999999886e+02,3.133799999999999955e+02
5.880000000000000000e+02,0.000000000000000000e+00,0.000000000000000000e+00,3.258599999999999568e+02,3.133799999999999955e+02
5.890000000000000000e+02,0.000000000000000000e+00,0.000000000000000000e+00,3.256299999999999955e+02,3.133799999999999955e+02
5.900000000000000000e+02,0.000000000000000000e+00,0.000000000000000000e+00,3.253999999999999773e+02,3.131299999999999955e+02
5.910000000000000000e+02,0.000000000000000000e+00,0.000000000000000000e+00,3.253099999999999454e+02,3.130599999999999454e+02
5.920000000000000000e+02,0.000000000000000000e+00,0.000000000000000000e+00,3.250499999999999545e+02,3.130599999999999454e+02
5.930000000000000000e+02,0.000000000000000000e+00,0.000000000000000000e+00,3.249900000000000091e+02,3.130599999999999454e+02
5.940000000000000000e+02,0.000000000000000000e+00,0.000000000000000000e+00,3.247299999999999613e+02,3.130599999999999454e+02
5.950000000000000000e+02,0.000000000000000000e+00,0.000000000000000000e+00,3.246599999999999682e+02,3.130599999999999454e+02
5.960000000000000000e+02,0.000000000000000000e+00,0.000000000000000000e+00,3.243399999999999750e+02,3.130599999999999454e+02
5.970000000000000000e+02,0.000000000000000000e+00,0.000000000000000000e+00,3.243399999999999750e+02,3.130599999999999454e+02
5.980000000000000000e+02,0.000000000000000000e+00,0.000000000000000000e+00,3.240199999999999818e+02,3.129299999999999500e+02
5.990000000000000000e+02,0.000000000000000000e+00,0.000000000000000000e+00,3.240199999999999818e+02,3.127699999999999818e+02
6.000000000000000000e+02,0.000000000000000000e+00,0.000000000000000000e+00,3.236999999999999886e+02,3.127699999999999818e+02
